#1 2     3     4 		5  6  7  8  9 10 11 12
#n rc[x] rc[y] rc[z] Jy Ex Ey Ez P Bx By Bz
#step: 0
0	0.00125955	0.0601303	3.92157e-05	2.1796e+10	0	0.000127844	-5.07825e-09	5.51935e-07	0.00307445	8.91901e-08	0.076866
1	0.00125955	0.0601303	0.000117647	1.00771e+10	0	3.59488e-16	-4.35304e-20	7.17548e-19	0.00313494	-4.69821e-06	0.0232389
2	0.00125955	0.0601303	0.000196078	7.56919e+09	0	2.74132e-20	-2.77785e-24	4.10998e-23	0.0029768	-1.89193e-06	0.0117514
3	0.00125955	0.0601303	0.00027451	6.43685e+09	0	1.36126e-22	-3.02292e-26	1.73558e-25	0.00260954	-2.20805e-06	0.00656066
4	0.00125955	0.0601303	0.000352941	5.6877e+09	0	2.47558e-24	-5.8675e-28	2.78898e-27	0.00233997	-5.51909e-06	0.0031334
5	0.00125955	0.0601303	0.000431373	5.17205e+09	0	1.21551e-25	-1.88451e-29	1.24523e-28	0.00211391	-1.75901e-06	0.000764893
6	0.00125955	0.0601303	0.000509804	4.8087e+09	0	1.34983e-26	-1.87574e-30	1.28569e-29	0.00192236	-2.52332e-06	-0.000900036
7	0.00125955	0.0601303	0.000588235	4.50821e+09	0	2.09918e-27	-3.73378e-31	1.8745e-30	0.00175263	-1.02471e-06	-0.00228226
8	0.00125955	0.0601303	0.000666667	4.31213e+09	0	5.91177e-28	-1.38612e-31	5.04941e-31	0.00160598	-3.25307e-06	-0.00318002
9	0.00125955	0.0601303	0.000745098	4.08798e+09	0	1.29938e-28	-3.08438e-32	1.05215e-31	0.0014714	-2.16808e-06	-0.00421066
10	0.00125955	0.0601303	0.000823529	3.95252e+09	0	4.98419e-29	-1.60468e-32	3.90212e-32	0.00134139	-3.02652e-06	-0.00483335
11	0.00125955	0.0601303	0.000901961	3.83128e+09	0	2.05355e-29	-5.1389e-33	1.55841e-32	0.00122858	-3.82167e-06	-0.00538779
12	0.00125955	0.0601303	0.000980392	3.70293e+09	0	7.78323e-30	-1.75874e-33	5.70869e-33	0.0011188	-1.30381e-06	-0.00598145
13	0.00125955	0.0601303	0.00105882	3.64717e+09	0	5.04589e-30	-1.85703e-33	3.64523e-33	0.00101799	-3.14973e-06	-0.0062379
14	0.00125955	0.0601303	0.00113725	3.54015e+09	0	2.15652e-30	-1.00171e-33	1.51219e-33	0.000924113	-4.07122e-06	-0.00672945
15	0.00125955	0.0601303	0.00121569	3.46456e+09	0	1.16331e-30	-5.59955e-34	7.98316e-34	0.000826864	-4.80237e-06	-0.00707592
16	0.00125955	0.0601303	0.00129412	3.41404e+09	0	7.63992e-31	-3.56283e-34	5.16642e-34	0.000734388	-4.19642e-06	-0.00730938
17	0.00125955	0.0601303	0.00137255	3.35193e+09	0	4.51447e-31	-1.56519e-34	2.99732e-34	0.000643727	-4.38797e-06	-0.00759256
18	0.00125955	0.0601303	0.00145098	3.33958e+09	0	4.0608e-31	-8.97322e-35	2.68618e-34	0.000559322	-1.8401e-06	-0.00765276
19	0.00125955	0.0601303	0.00152941	3.2928e+09	0	2.71063e-31	-8.41865e-35	1.76794e-34	0.000482469	-2.06303e-06	-0.00786886
20	0.00125955	0.0601303	0.00160784	3.23742e+09	0	1.66608e-31	-5.14339e-35	1.06838e-34	0.000398461	-3.40023e-06	-0.00812067
21	0.00125955	0.0601303	0.00168627	3.21796e+09	0	1.40155e-31	-4.75784e-35	8.93347e-35	0.000310199	-1.9336e-06	-0.00821352
22	0.00125955	0.0601303	0.00176471	3.23293e+09	0	1.60053e-31	-7.24924e-35	1.02492e-34	0.000233275	-3.90723e-06	-0.00814383
23	0.00125955	0.0601303	0.00184314	3.20187e+09	0	1.21326e-31	-5.57051e-35	7.69465e-35	0.000157715	-3.96931e-06	-0.00828627
24	0.00125955	0.0601303	0.00192157	3.19626e+09	0	1.15373e-31	-6.20841e-35	7.30431e-35	7.7532e-05	-3.93605e-06	-0.00831349
25	0.00125955	0.0601303	0.002	3.18391e+09	0	1.03222e-31	-5.85862e-35	6.50974e-35	-1.17217e-06	-5.33664e-06	-0.00836799
26	0.00125955	0.0601303	0.00207843	3.17942e+09	0	9.9134e-32	-5.09104e-35	6.24313e-35	-8.34916e-05	-4.41209e-06	-0.00838926
27	0.00125955	0.0601303	0.00215686	3.2217e+09	0	1.44881e-31	-1.02432e-34	9.24548e-35	-0.000162365	-4.37929e-06	-0.00819874
28	0.00125955	0.0601303	0.00223529	3.22732e+09	0	1.52253e-31	-1.2363e-34	9.73283e-35	-0.000236502	-7.94675e-06	-0.00816792
29	0.00125955	0.0601303	0.00231373	3.23443e+09	0	1.62175e-31	-8.27427e-35	1.03899e-34	-0.000315128	-6.25996e-06	-0.00813308
30	0.00125955	0.0601303	0.00239216	3.26923e+09	0	2.20558e-31	-8.97714e-35	1.42823e-34	-0.000394667	-2.63116e-06	-0.00797808
31	0.00125955	0.0601303	0.00247059	3.30478e+09	0	3.00679e-31	-1.27938e-34	1.96823e-34	-0.000471598	-4.5133e-06	-0.00781152
32	0.00125955	0.0601303	0.00254902	3.30627e+09	0	3.04718e-31	-7.1761e-35	1.99558e-34	-0.000557463	-3.05036e-06	-0.0078032
33	0.00125955	0.0601303	0.00262745	3.36353e+09	0	4.98495e-31	-7.14775e-35	3.32114e-34	-0.000648763	-1.07761e-06	-0.00754208
34	0.00125955	0.0601303	0.00270588	3.42228e+09	0	8.18667e-31	-2.80781e-34	5.5495e-34	-0.000735087	-1.42849e-06	-0.00727463
35	0.00125955	0.0601303	0.00278431	3.46606e+09	0	1.17797e-30	-7.40552e-34	8.08729e-34	-0.00082374	-4.86798e-06	-0.00707149
36	0.00125955	0.0601303	0.00286275	3.54951e+09	0	2.32435e-30	-1.40025e-33	1.63418e-33	-0.000916217	-6.93878e-06	-0.00668394
37	0.00125955	0.0601303	0.00294118	3.62023e+09	0	4.08379e-30	-1.52724e-33	2.9284e-33	-0.00101138	-4.64777e-06	-0.00635862
38	0.00125955	0.0601303	0.00301961	3.68908e+09	0	6.99561e-30	-2.10458e-33	5.11182e-33	-0.00111968	-2.64457e-06	-0.00604381
39	0.00125955	0.0601303	0.00309804	3.82829e+09	0	2.00878e-29	-5.0308e-33	1.52324e-32	-0.00123197	-3.31731e-06	-0.00540245
40	0.00125955	0.0601303	0.00317647	3.95439e+09	0	5.05108e-29	-6.53149e-33	3.95636e-32	-0.00134353	-1.82387e-06	-0.00482325
41	0.00125955	0.0601303	0.0032549	4.08948e+09	0	1.31275e-28	-5.40925e-33	1.06336e-31	-0.00147188	-8.72142e-07	-0.00420224
42	0.00125955	0.0601303	0.00333333	4.29903e+09	0	5.42614e-28	-2.27356e-32	4.62055e-31	-0.00161014	4.85177e-08	-0.00324186
43	0.00125955	0.0601303	0.00341176	4.52131e+09	0	2.27922e-27	-2.05043e-32	2.04118e-30	-0.00175563	-9.41748e-07	-0.00221877
44	0.00125955	0.0601303	0.0034902	4.81656e+09	0	1.41515e-26	-1.02433e-31	1.35011e-29	-0.00191849	8.08345e-07	-0.000867008
45	0.00125955	0.0601303	0.00356863	5.17317e+09	0	1.22312e-25	-3.70937e-30	1.2533e-28	-0.00210859	-9.13642e-07	0.000771616
46	0.00125955	0.0601303	0.00364706	5.68583e+09	0	2.4478e-24	-7.75475e-29	2.75677e-27	-0.00233295	1.36475e-07	0.00312032
47	0.00125955	0.0601303	0.00372549	6.39906e+09	0	1.12462e-22	-3.16574e-27	1.42545e-25	-0.00260981	-1.04354e-06	0.00639166
48	0.00125955	0.0601303	0.00380392	7.57967e+09	0	2.86836e-20	-1.14344e-24	4.30641e-23	-0.00297666	1.34287e-07	0.0117979
49	0.00125955	0.0601303	0.00388235	1.00374e+10	0	3.15058e-16	-1.75091e-20	6.26389e-19	-0.00313445	-1.71434e-06	0.0230552
50	0.00125955	0.0601303	0.00396078	2.17997e+10	0	0.000128675	-1.40622e-09	5.55619e-07	-0.00308207	-2.53947e-06	0.0768885


