#1	2	3 4 5    6    7    8 9  10    11
#n i j k X[0] X[1] X[2] J dJ av_dA snAz
#step: 0
0	0	0	0	0.000285714	0.000285714	0	0	0	0
1	1	0	0	0.000857143	0.000285714	0	0	0	0
2	2	0	0	0.00142857	0.000285714	0	0	0	0
3	3	0	0	0.002	0.000285714	0	0	0	0
4	4	0	0	0.00257143	0.000285714	0	0	0	0
5	5	0	0	0.00314286	0.000285714	0	0	0	0
6	6	0	0	0.00371429	0.000285714	0	0	0	0
7	7	0	0	0.00428571	0.000285714	0	0	0	0
8	8	0	0	0.00485714	0.000285714	0	0	0	0
9	9	0	0	0.00542857	0.000285714	0	0	0	0
10	10	0	0	0.006	0.000285714	0	0	0	0
11	11	0	0	0.00657143	0.000285714	0	0	0	0
12	12	0	0	0.00714286	0.000285714	0	0	0	0
13	13	0	0	0.00771429	0.000285714	0	0	0	0
14	14	0	0	0.00828571	0.000285714	0	0	0	0
15	15	0	0	0.00885714	0.000285714	0	0	0	0
16	16	0	0	0.00942857	0.000285714	0	0	0	0
17	17	0	0	0.01	0.000285714	0	0	0	0
18	18	0	0	0.0105714	0.000285714	0	0	0	0
19	19	0	0	0.0111429	0.000285714	0	0	0	0
20	20	0	0	0.0117143	0.000285714	0	0	0	0
21	0	1	0	0.000285714	0.000857143	0	0	0	0
22	1	1	0	0.000857143	0.000857143	0	0	0	0
23	2	1	0	0.00142857	0.000857143	0	0	0	0
24	3	1	0	0.002	0.000857143	0	0	0	0
25	4	1	0	0.00257143	0.000857143	0	0	0	0
26	5	1	0	0.00314286	0.000857143	0	0	0	0
27	6	1	0	0.00371429	0.000857143	0	0	0	0
28	7	1	0	0.00428571	0.000857143	0	0	0	0
29	8	1	0	0.00485714	0.000857143	0	0	0	0
30	9	1	0	0.00542857	0.000857143	0	0	0	0
31	10	1	0	0.006	0.000857143	0	0	0	0
32	11	1	0	0.00657143	0.000857143	0	0	0	0
33	12	1	0	0.00714286	0.000857143	0	0	0	0
34	13	1	0	0.00771429	0.000857143	0	0	0	0
35	14	1	0	0.00828571	0.000857143	0	0	0	0
36	15	1	0	0.00885714	0.000857143	0	0	0	0
37	16	1	0	0.00942857	0.000857143	0	0	0	0
38	17	1	0	0.01	0.000857143	0	0	0	0
39	18	1	0	0.0105714	0.000857143	0	0	0	0
40	19	1	0	0.0111429	0.000857143	0	0	0	0
41	20	1	0	0.0117143	0.000857143	0	0	0	0
42	0	2	0	0.000285714	0.00142857	0	0	0	0
43	1	2	0	0.000857143	0.00142857	0	0	0	0
44	2	2	0	0.00142857	0.00142857	0	0	0	0
45	3	2	0	0.002	0.00142857	0	0	0	0
46	4	2	0	0.00257143	0.00142857	0	0	0	0
47	5	2	0	0.00314286	0.00142857	0	0	0	0
48	6	2	0	0.00371429	0.00142857	0	0	0	0
49	7	2	0	0.00428571	0.00142857	0	0	0	0
50	8	2	0	0.00485714	0.00142857	0	0	0	0
51	9	2	0	0.00542857	0.00142857	0	0	0	0
52	10	2	0	0.006	0.00142857	0	0	0	0
53	11	2	0	0.00657143	0.00142857	0	0	0	0
54	12	2	0	0.00714286	0.00142857	0	0	0	0
55	13	2	0	0.00771429	0.00142857	0	0	0	0
56	14	2	0	0.00828571	0.00142857	0	0	0	0
57	15	2	0	0.00885714	0.00142857	0	0	0	0
58	16	2	0	0.00942857	0.00142857	0	0	0	0
59	17	2	0	0.01	0.00142857	0	0	0	0
60	18	2	0	0.0105714	0.00142857	0	0	0	0
61	19	2	0	0.0111429	0.00142857	0	0	0	0
62	20	2	0	0.0117143	0.00142857	0	0	0	0
63	0	3	0	0.000285714	0.002	0	0	0	0
64	1	3	0	0.000857143	0.002	0	0	0	0
65	2	3	0	0.00142857	0.002	0	0	0	0
66	3	3	0	0.002	0.002	0	0	0	0
67	4	3	0	0.00257143	0.002	0	0	0	0
68	5	3	0	0.00314286	0.002	0	0	0	0
69	6	3	0	0.00371429	0.002	0	0	0	0
70	7	3	0	0.00428571	0.002	0	0	0	0
71	8	3	0	0.00485714	0.002	0	0	0	0
72	9	3	0	0.00542857	0.002	0	0	0	0
73	10	3	0	0.006	0.002	0	0	0	0
74	11	3	0	0.00657143	0.002	0	0	0	0
75	12	3	0	0.00714286	0.002	0	0	0	0
76	13	3	0	0.00771429	0.002	0	0	0	0
77	14	3	0	0.00828571	0.002	0	0	0	0
78	15	3	0	0.00885714	0.002	0	0	0	0
79	16	3	0	0.00942857	0.002	0	0	0	0
80	17	3	0	0.01	0.002	0	0	0	0
81	18	3	0	0.0105714	0.002	0	0	0	0
82	19	3	0	0.0111429	0.002	0	0	0	0
83	20	3	0	0.0117143	0.002	0	0	0	0
84	0	4	0	0.000285714	0.00257143	0	0	0	0
85	1	4	0	0.000857143	0.00257143	0	0	0	0
86	2	4	0	0.00142857	0.00257143	0	0	0	0
87	3	4	0	0.002	0.00257143	0	0	0	0
88	4	4	0	0.00257143	0.00257143	0	0	0	0
89	5	4	0	0.00314286	0.00257143	0	0	0	0
90	6	4	0	0.00371429	0.00257143	0	0	0	0
91	7	4	0	0.00428571	0.00257143	0	0	0	0
92	8	4	0	0.00485714	0.00257143	0	0	0	0
93	9	4	0	0.00542857	0.00257143	0	0	0	0
94	10	4	0	0.006	0.00257143	0	0	0	0
95	11	4	0	0.00657143	0.00257143	0	0	0	0
96	12	4	0	0.00714286	0.00257143	0	0	0	0
97	13	4	0	0.00771429	0.00257143	0	0	0	0
98	14	4	0	0.00828571	0.00257143	0	0	0	0
99	15	4	0	0.00885714	0.00257143	0	0	0	0
100	16	4	0	0.00942857	0.00257143	0	0	0	0
101	17	4	0	0.01	0.00257143	0	0	0	0
102	18	4	0	0.0105714	0.00257143	0	0	0	0
103	19	4	0	0.0111429	0.00257143	0	0	0	0
104	20	4	0	0.0117143	0.00257143	0	0	0	0
105	0	5	0	0.000285714	0.00314286	0	0	0	0
106	1	5	0	0.000857143	0.00314286	0	0	0	0
107	2	5	0	0.00142857	0.00314286	0	0	0	0
108	3	5	0	0.002	0.00314286	0	0	0	0
109	4	5	0	0.00257143	0.00314286	0	0	0	0
110	5	5	0	0.00314286	0.00314286	0	0	0	0
111	6	5	0	0.00371429	0.00314286	0	0	0	0
112	7	5	0	0.00428571	0.00314286	0	0	0	0
113	8	5	0	0.00485714	0.00314286	0	0	0	0
114	9	5	0	0.00542857	0.00314286	0	0	0	0
115	10	5	0	0.006	0.00314286	0	0	0	0
116	11	5	0	0.00657143	0.00314286	0	0	0	0
117	12	5	0	0.00714286	0.00314286	0	0	0	0
118	13	5	0	0.00771429	0.00314286	0	0	0	0
119	14	5	0	0.00828571	0.00314286	0	0	0	0
120	15	5	0	0.00885714	0.00314286	0	0	0	0
121	16	5	0	0.00942857	0.00314286	0	0	0	0
122	17	5	0	0.01	0.00314286	0	0	0	0
123	18	5	0	0.0105714	0.00314286	0	0	0	0
124	19	5	0	0.0111429	0.00314286	0	0	0	0
125	20	5	0	0.0117143	0.00314286	0	0	0	0
126	0	6	0	0.000285714	0.00371429	0	0	0	0
127	1	6	0	0.000857143	0.00371429	0	0	0	0
128	2	6	0	0.00142857	0.00371429	0	0	0	0
129	3	6	0	0.002	0.00371429	0	0	0	0
130	4	6	0	0.00257143	0.00371429	0	0	0	0
131	5	6	0	0.00314286	0.00371429	0	0	0	0
132	6	6	0	0.00371429	0.00371429	0	0	0	0
133	7	6	0	0.00428571	0.00371429	0	0	0	0
134	8	6	0	0.00485714	0.00371429	0	0	0	0
135	9	6	0	0.00542857	0.00371429	0	0	0	0
136	10	6	0	0.006	0.00371429	0	0	0	0
137	11	6	0	0.00657143	0.00371429	0	0	0	0
138	12	6	0	0.00714286	0.00371429	0	0	0	0
139	13	6	0	0.00771429	0.00371429	0	0	0	0
140	14	6	0	0.00828571	0.00371429	0	0	0	0
141	15	6	0	0.00885714	0.00371429	0	0	0	0
142	16	6	0	0.00942857	0.00371429	0	0	0	0
143	17	6	0	0.01	0.00371429	0	0	0	0
144	18	6	0	0.0105714	0.00371429	0	0	0	0
145	19	6	0	0.0111429	0.00371429	0	0	0	0
146	20	6	0	0.0117143	0.00371429	0	0	0	0
147	0	7	0	0.000285714	0.00428571	0	0	0	0
148	1	7	0	0.000857143	0.00428571	0	0	0	0
149	2	7	0	0.00142857	0.00428571	0	0	0	0
150	3	7	0	0.002	0.00428571	0	0	0	0
151	4	7	0	0.00257143	0.00428571	0	0	0	0
152	5	7	0	0.00314286	0.00428571	0	0	0	0
153	6	7	0	0.00371429	0.00428571	0	0	0	0
154	7	7	0	0.00428571	0.00428571	0	0	0	0
155	8	7	0	0.00485714	0.00428571	0	0	0	0
156	9	7	0	0.00542857	0.00428571	0	0	0	0
157	10	7	0	0.006	0.00428571	0	0	0	0
158	11	7	0	0.00657143	0.00428571	0	0	0	0
159	12	7	0	0.00714286	0.00428571	0	0	0	0
160	13	7	0	0.00771429	0.00428571	0	0	0	0
161	14	7	0	0.00828571	0.00428571	0	0	0	0
162	15	7	0	0.00885714	0.00428571	0	0	0	0
163	16	7	0	0.00942857	0.00428571	0	0	0	0
164	17	7	0	0.01	0.00428571	0	0	0	0
165	18	7	0	0.0105714	0.00428571	0	0	0	0
166	19	7	0	0.0111429	0.00428571	0	0	0	0
167	20	7	0	0.0117143	0.00428571	0	0	0	0
168	0	8	0	0.000285714	0.00485714	0	0	0	0
169	1	8	0	0.000857143	0.00485714	0	0	0	0
170	2	8	0	0.00142857	0.00485714	0	0	0	0
171	3	8	0	0.002	0.00485714	0	0	0	0
172	4	8	0	0.00257143	0.00485714	0	0	0	0
173	5	8	0	0.00314286	0.00485714	0	0	0	0
174	6	8	0	0.00371429	0.00485714	0	0	0	0
175	7	8	0	0.00428571	0.00485714	0	0	0	0
176	8	8	0	0.00485714	0.00485714	0	0	0	0
177	9	8	0	0.00542857	0.00485714	0	0	0	0
178	10	8	0	0.006	0.00485714	0	0	0	0
179	11	8	0	0.00657143	0.00485714	0	0	0	0
180	12	8	0	0.00714286	0.00485714	0	0	0	0
181	13	8	0	0.00771429	0.00485714	0	0	0	0
182	14	8	0	0.00828571	0.00485714	0	0	0	0
183	15	8	0	0.00885714	0.00485714	0	0	0	0
184	16	8	0	0.00942857	0.00485714	0	0	0	0
185	17	8	0	0.01	0.00485714	0	0	0	0
186	18	8	0	0.0105714	0.00485714	0	0	0	0
187	19	8	0	0.0111429	0.00485714	0	0	0	0
188	20	8	0	0.0117143	0.00485714	0	0	0	0
189	0	9	0	0.000285714	0.00542857	0	0	0	0
190	1	9	0	0.000857143	0.00542857	0	0	0	0
191	2	9	0	0.00142857	0.00542857	0	0	0	0
192	3	9	0	0.002	0.00542857	0	0	0	0
193	4	9	0	0.00257143	0.00542857	0	0	0	0
194	5	9	0	0.00314286	0.00542857	0	0	0	0
195	6	9	0	0.00371429	0.00542857	0	0	0	0
196	7	9	0	0.00428571	0.00542857	0	0	0	0
197	8	9	0	0.00485714	0.00542857	0	0	0	0
198	9	9	0	0.00542857	0.00542857	0	0	0	0
199	10	9	0	0.006	0.00542857	0	0	0	0
200	11	9	0	0.00657143	0.00542857	0	0	0	0
201	12	9	0	0.00714286	0.00542857	0	0	0	0
202	13	9	0	0.00771429	0.00542857	0	0	0	0
203	14	9	0	0.00828571	0.00542857	0	0	0	0
204	15	9	0	0.00885714	0.00542857	0	0	0	0
205	16	9	0	0.00942857	0.00542857	0	0	0	0
206	17	9	0	0.01	0.00542857	0	0	0	0
207	18	9	0	0.0105714	0.00542857	0	0	0	0
208	19	9	0	0.0111429	0.00542857	0	0	0	0
209	20	9	0	0.0117143	0.00542857	0	0	0	0
210	0	10	0	0.000285714	0.006	0	0	0	0
211	1	10	0	0.000857143	0.006	0	0	0	0
212	2	10	0	0.00142857	0.006	0	0	0	0
213	3	10	0	0.002	0.006	0	0	0	0
214	4	10	0	0.00257143	0.006	0	0	0	0
215	5	10	0	0.00314286	0.006	0	0	0	0
216	6	10	0	0.00371429	0.006	0	0	0	0
217	7	10	0	0.00428571	0.006	0	0	0	0
218	8	10	0	0.00485714	0.006	0	0	0	0
219	9	10	0	0.00542857	0.006	0	0	0	0
220	10	10	0	0.006	0.006	0	0	0	0
221	11	10	0	0.00657143	0.006	0	0	0	0
222	12	10	0	0.00714286	0.006	0	0	0	0
223	13	10	0	0.00771429	0.006	0	0	0	0
224	14	10	0	0.00828571	0.006	0	0	0	0
225	15	10	0	0.00885714	0.006	0	0	0	0
226	16	10	0	0.00942857	0.006	0	0	0	0
227	17	10	0	0.01	0.006	0	0	0	0
228	18	10	0	0.0105714	0.006	0	0	0	0
229	19	10	0	0.0111429	0.006	0	0	0	0
230	20	10	0	0.0117143	0.006	0	0	0	0
231	0	11	0	0.000285714	0.00657143	0	0	0	0
232	1	11	0	0.000857143	0.00657143	0	0	0	0
233	2	11	0	0.00142857	0.00657143	0	0	0	0
234	3	11	0	0.002	0.00657143	0	0	0	0
235	4	11	0	0.00257143	0.00657143	0	0	0	0
236	5	11	0	0.00314286	0.00657143	0	0	0	0
237	6	11	0	0.00371429	0.00657143	0	0	0	0
238	7	11	0	0.00428571	0.00657143	0	0	0	0
239	8	11	0	0.00485714	0.00657143	0	0	0	0
240	9	11	0	0.00542857	0.00657143	0	0	0	0
241	10	11	0	0.006	0.00657143	0	0	0	0
242	11	11	0	0.00657143	0.00657143	0	0	0	0
243	12	11	0	0.00714286	0.00657143	0	0	0	0
244	13	11	0	0.00771429	0.00657143	0	0	0	0
245	14	11	0	0.00828571	0.00657143	0	0	0	0
246	15	11	0	0.00885714	0.00657143	0	0	0	0
247	16	11	0	0.00942857	0.00657143	0	0	0	0
248	17	11	0	0.01	0.00657143	0	0	0	0
249	18	11	0	0.0105714	0.00657143	0	0	0	0
250	19	11	0	0.0111429	0.00657143	0	0	0	0
251	20	11	0	0.0117143	0.00657143	0	0	0	0
252	0	12	0	0.000285714	0.00714286	0	0	0	0
253	1	12	0	0.000857143	0.00714286	0	0	0	0
254	2	12	0	0.00142857	0.00714286	0	0	0	0
255	3	12	0	0.002	0.00714286	0	0	0	0
256	4	12	0	0.00257143	0.00714286	0	0	0	0
257	5	12	0	0.00314286	0.00714286	0	0	0	0
258	6	12	0	0.00371429	0.00714286	0	0	0	0
259	7	12	0	0.00428571	0.00714286	0	0	0	0
260	8	12	0	0.00485714	0.00714286	0	0	0	0
261	9	12	0	0.00542857	0.00714286	0	0	0	0
262	10	12	0	0.006	0.00714286	0	0	0	0
263	11	12	0	0.00657143	0.00714286	0	0	0	0
264	12	12	0	0.00714286	0.00714286	0	0	0	0
265	13	12	0	0.00771429	0.00714286	0	0	0	0
266	14	12	0	0.00828571	0.00714286	0	0	0	0
267	15	12	0	0.00885714	0.00714286	0	0	0	0
268	16	12	0	0.00942857	0.00714286	0	0	0	0
269	17	12	0	0.01	0.00714286	0	0	0	0
270	18	12	0	0.0105714	0.00714286	0	0	0	0
271	19	12	0	0.0111429	0.00714286	0	0	0	0
272	20	12	0	0.0117143	0.00714286	0	0	0	0
273	0	13	0	0.000285714	0.00771429	0	0	0	0
274	1	13	0	0.000857143	0.00771429	0	0	0	0
275	2	13	0	0.00142857	0.00771429	0	0	0	0
276	3	13	0	0.002	0.00771429	0	0	0	0
277	4	13	0	0.00257143	0.00771429	0	0	0	0
278	5	13	0	0.00314286	0.00771429	0	0	0	0
279	6	13	0	0.00371429	0.00771429	0	0	0	0
280	7	13	0	0.00428571	0.00771429	0	0	0	0
281	8	13	0	0.00485714	0.00771429	0	0	0	0
282	9	13	0	0.00542857	0.00771429	0	0	0	0
283	10	13	0	0.006	0.00771429	0	0	0	0
284	11	13	0	0.00657143	0.00771429	0	0	0	0
285	12	13	0	0.00714286	0.00771429	0	0	0	0
286	13	13	0	0.00771429	0.00771429	0	0	0	0
287	14	13	0	0.00828571	0.00771429	0	0	0	0
288	15	13	0	0.00885714	0.00771429	0	0	0	0
289	16	13	0	0.00942857	0.00771429	0	0	0	0
290	17	13	0	0.01	0.00771429	0	0	0	0
291	18	13	0	0.0105714	0.00771429	0	0	0	0
292	19	13	0	0.0111429	0.00771429	0	0	0	0
293	20	13	0	0.0117143	0.00771429	0	0	0	0
294	0	14	0	0.000285714	0.00828571	0	0	0	0
295	1	14	0	0.000857143	0.00828571	0	0	0	0
296	2	14	0	0.00142857	0.00828571	0	0	0	0
297	3	14	0	0.002	0.00828571	0	0	0	0
298	4	14	0	0.00257143	0.00828571	0	0	0	0
299	5	14	0	0.00314286	0.00828571	0	0	0	0
300	6	14	0	0.00371429	0.00828571	0	0	0	0
301	7	14	0	0.00428571	0.00828571	0	0	0	0
302	8	14	0	0.00485714	0.00828571	0	0	0	0
303	9	14	0	0.00542857	0.00828571	0	0	0	0
304	10	14	0	0.006	0.00828571	0	0	0	0
305	11	14	0	0.00657143	0.00828571	0	0	0	0
306	12	14	0	0.00714286	0.00828571	0	0	0	0
307	13	14	0	0.00771429	0.00828571	0	0	0	0
308	14	14	0	0.00828571	0.00828571	0	0	0	0
309	15	14	0	0.00885714	0.00828571	0	0	0	0
310	16	14	0	0.00942857	0.00828571	0	0	0	0
311	17	14	0	0.01	0.00828571	0	0	0	0
312	18	14	0	0.0105714	0.00828571	0	0	0	0
313	19	14	0	0.0111429	0.00828571	0	0	0	0
314	20	14	0	0.0117143	0.00828571	0	0	0	0
315	0	15	0	0.000285714	0.00885714	0	0	0	0
316	1	15	0	0.000857143	0.00885714	0	0	0	0
317	2	15	0	0.00142857	0.00885714	0	0	0	0
318	3	15	0	0.002	0.00885714	0	0	0	0
319	4	15	0	0.00257143	0.00885714	0	0	0	0
320	5	15	0	0.00314286	0.00885714	0	0	0	0
321	6	15	0	0.00371429	0.00885714	0	0	0	0
322	7	15	0	0.00428571	0.00885714	0	0	0	0
323	8	15	0	0.00485714	0.00885714	0	0	0	0
324	9	15	0	0.00542857	0.00885714	0	0	0	0
325	10	15	0	0.006	0.00885714	0	0	0	0
326	11	15	0	0.00657143	0.00885714	0	0	0	0
327	12	15	0	0.00714286	0.00885714	0	0	0	0
328	13	15	0	0.00771429	0.00885714	0	0	0	0
329	14	15	0	0.00828571	0.00885714	0	0	0	0
330	15	15	0	0.00885714	0.00885714	0	0	0	0
331	16	15	0	0.00942857	0.00885714	0	0	0	0
332	17	15	0	0.01	0.00885714	0	0	0	0
333	18	15	0	0.0105714	0.00885714	0	0	0	0
334	19	15	0	0.0111429	0.00885714	0	0	0	0
335	20	15	0	0.0117143	0.00885714	0	0	0	0
336	0	16	0	0.000285714	0.00942857	0	0	0	0
337	1	16	0	0.000857143	0.00942857	0	0	0	0
338	2	16	0	0.00142857	0.00942857	0	0	0	0
339	3	16	0	0.002	0.00942857	0	0	0	0
340	4	16	0	0.00257143	0.00942857	0	0	0	0
341	5	16	0	0.00314286	0.00942857	0	0	0	0
342	6	16	0	0.00371429	0.00942857	0	0	0	0
343	7	16	0	0.00428571	0.00942857	0	0	0	0
344	8	16	0	0.00485714	0.00942857	0	0	0	0
345	9	16	0	0.00542857	0.00942857	0	0	0	0
346	10	16	0	0.006	0.00942857	0	0	0	0
347	11	16	0	0.00657143	0.00942857	0	0	0	0
348	12	16	0	0.00714286	0.00942857	0	0	0	0
349	13	16	0	0.00771429	0.00942857	0	0	0	0
350	14	16	0	0.00828571	0.00942857	0	0	0	0
351	15	16	0	0.00885714	0.00942857	0	0	0	0
352	16	16	0	0.00942857	0.00942857	0	0	0	0
353	17	16	0	0.01	0.00942857	0	0	0	0
354	18	16	0	0.0105714	0.00942857	0	0	0	0
355	19	16	0	0.0111429	0.00942857	0	0	0	0
356	20	16	0	0.0117143	0.00942857	0	0	0	0
357	0	17	0	0.000285714	0.01	0	0	0	0
358	1	17	0	0.000857143	0.01	0	0	0	0
359	2	17	0	0.00142857	0.01	0	0	0	0
360	3	17	0	0.002	0.01	0	0	0	0
361	4	17	0	0.00257143	0.01	0	0	0	0
362	5	17	0	0.00314286	0.01	0	0	0	0
363	6	17	0	0.00371429	0.01	0	0	0	0
364	7	17	0	0.00428571	0.01	0	0	0	0
365	8	17	0	0.00485714	0.01	0	0	0	0
366	9	17	0	0.00542857	0.01	0	0	0	0
367	10	17	0	0.006	0.01	0	0	0	0
368	11	17	0	0.00657143	0.01	0	0	0	0
369	12	17	0	0.00714286	0.01	0	0	0	0
370	13	17	0	0.00771429	0.01	0	0	0	0
371	14	17	0	0.00828571	0.01	0	0	0	0
372	15	17	0	0.00885714	0.01	0	0	0	0
373	16	17	0	0.00942857	0.01	0	0	0	0
374	17	17	0	0.01	0.01	0	0	0	0
375	18	17	0	0.0105714	0.01	0	0	0	0
376	19	17	0	0.0111429	0.01	0	0	0	0
377	20	17	0	0.0117143	0.01	0	0	0	0
378	0	18	0	0.000285714	0.0105714	0	0	0	0
379	1	18	0	0.000857143	0.0105714	0	0	0	0
380	2	18	0	0.00142857	0.0105714	0	0	0	0
381	3	18	0	0.002	0.0105714	0	0	0	0
382	4	18	0	0.00257143	0.0105714	0	0	0	0
383	5	18	0	0.00314286	0.0105714	0	0	0	0
384	6	18	0	0.00371429	0.0105714	0	0	0	0
385	7	18	0	0.00428571	0.0105714	0	0	0	0
386	8	18	0	0.00485714	0.0105714	0	0	0	0
387	9	18	0	0.00542857	0.0105714	0	0	0	0
388	10	18	0	0.006	0.0105714	0	0	0	0
389	11	18	0	0.00657143	0.0105714	0	0	0	0
390	12	18	0	0.00714286	0.0105714	0	0	0	0
391	13	18	0	0.00771429	0.0105714	0	0	0	0
392	14	18	0	0.00828571	0.0105714	0	0	0	0
393	15	18	0	0.00885714	0.0105714	0	0	0	0
394	16	18	0	0.00942857	0.0105714	0	0	0	0
395	17	18	0	0.01	0.0105714	0	0	0	0
396	18	18	0	0.0105714	0.0105714	0	0	0	0
397	19	18	0	0.0111429	0.0105714	0	0	0	0
398	20	18	0	0.0117143	0.0105714	0	0	0	0
399	0	19	0	0.000285714	0.0111429	0	0	0	0
400	1	19	0	0.000857143	0.0111429	0	0	0	0
401	2	19	0	0.00142857	0.0111429	0	0	0	0
402	3	19	0	0.002	0.0111429	0	0	0	0
403	4	19	0	0.00257143	0.0111429	0	0	0	0
404	5	19	0	0.00314286	0.0111429	0	0	0	0
405	6	19	0	0.00371429	0.0111429	0	0	0	0
406	7	19	0	0.00428571	0.0111429	0	0	0	0
407	8	19	0	0.00485714	0.0111429	0	0	0	0
408	9	19	0	0.00542857	0.0111429	0	0	0	0
409	10	19	0	0.006	0.0111429	0	0	0	0
410	11	19	0	0.00657143	0.0111429	0	0	0	0
411	12	19	0	0.00714286	0.0111429	0	0	0	0
412	13	19	0	0.00771429	0.0111429	0	0	0	0
413	14	19	0	0.00828571	0.0111429	0	0	0	0
414	15	19	0	0.00885714	0.0111429	0	0	0	0
415	16	19	0	0.00942857	0.0111429	0	0	0	0
416	17	19	0	0.01	0.0111429	0	0	0	0
417	18	19	0	0.0105714	0.0111429	0	0	0	0
418	19	19	0	0.0111429	0.0111429	0	0	0	0
419	20	19	0	0.0117143	0.0111429	0	0	0	0
420	0	20	0	0.000285714	0.0117143	0	0	0	0
421	1	20	0	0.000857143	0.0117143	0	0	0	0
422	2	20	0	0.00142857	0.0117143	0	0	0	0
423	3	20	0	0.002	0.0117143	0	0	0	0
424	4	20	0	0.00257143	0.0117143	0	0	0	0
425	5	20	0	0.00314286	0.0117143	0	0	0	0
426	6	20	0	0.00371429	0.0117143	0	0	0	0
427	7	20	0	0.00428571	0.0117143	0	0	0	0
428	8	20	0	0.00485714	0.0117143	0	0	0	0
429	9	20	0	0.00542857	0.0117143	0	0	0	0
430	10	20	0	0.006	0.0117143	0	0	0	0
431	11	20	0	0.00657143	0.0117143	0	0	0	0
432	12	20	0	0.00714286	0.0117143	0	0	0	0
433	13	20	0	0.00771429	0.0117143	0	0	0	0
434	14	20	0	0.00828571	0.0117143	0	0	0	0
435	15	20	0	0.00885714	0.0117143	0	0	0	0
436	16	20	0	0.00942857	0.0117143	0	0	0	0
437	17	20	0	0.01	0.0117143	0	0	0	0
438	18	20	0	0.0105714	0.0117143	0	0	0	0
439	19	20	0	0.0111429	0.0117143	0	0	0	0
440	20	20	0	0.0117143	0.0117143	0	0	0	0
441	0	0	1	0.000285714	0.000285714	1e-06	0	0	0
442	1	0	1	0.000857143	0.000285714	1e-06	0	0	0
443	2	0	1	0.00142857	0.000285714	1e-06	0	0	0
444	3	0	1	0.002	0.000285714	1e-06	0	0	0
445	4	0	1	0.00257143	0.000285714	1e-06	0	0	0
446	5	0	1	0.00314286	0.000285714	1e-06	0	0	0
447	6	0	1	0.00371429	0.000285714	1e-06	0	0	0
448	7	0	1	0.00428571	0.000285714	1e-06	0	0	0
449	8	0	1	0.00485714	0.000285714	1e-06	0	0	0
450	9	0	1	0.00542857	0.000285714	1e-06	0	0	0
451	10	0	1	0.006	0.000285714	1e-06	0	0	0
452	11	0	1	0.00657143	0.000285714	1e-06	0	0	0
453	12	0	1	0.00714286	0.000285714	1e-06	0	0	0
454	13	0	1	0.00771429	0.000285714	1e-06	0	0	0
455	14	0	1	0.00828571	0.000285714	1e-06	0	0	0
456	15	0	1	0.00885714	0.000285714	1e-06	0	0	0
457	16	0	1	0.00942857	0.000285714	1e-06	0	0	0
458	17	0	1	0.01	0.000285714	1e-06	0	0	0
459	18	0	1	0.0105714	0.000285714	1e-06	0	0	0
460	19	0	1	0.0111429	0.000285714	1e-06	0	0	0
461	20	0	1	0.0117143	0.000285714	1e-06	0	0	0
462	0	1	1	0.000285714	0.000857143	1e-06	0	0	0
463	1	1	1	0.000857143	0.000857143	1e-06	0	0	0
464	2	1	1	0.00142857	0.000857143	1e-06	0	0	0
465	3	1	1	0.002	0.000857143	1e-06	0	0	0
466	4	1	1	0.00257143	0.000857143	1e-06	0	0	0
467	5	1	1	0.00314286	0.000857143	1e-06	0	0	0
468	6	1	1	0.00371429	0.000857143	1e-06	0	0	0
469	7	1	1	0.00428571	0.000857143	1e-06	0	0	0
470	8	1	1	0.00485714	0.000857143	1e-06	0	0	0
471	9	1	1	0.00542857	0.000857143	1e-06	0	0	0
472	10	1	1	0.006	0.000857143	1e-06	0	0	0
473	11	1	1	0.00657143	0.000857143	1e-06	0	0	0
474	12	1	1	0.00714286	0.000857143	1e-06	0	0	0
475	13	1	1	0.00771429	0.000857143	1e-06	0	0	0
476	14	1	1	0.00828571	0.000857143	1e-06	0	0	0
477	15	1	1	0.00885714	0.000857143	1e-06	0	0	0
478	16	1	1	0.00942857	0.000857143	1e-06	0	0	0
479	17	1	1	0.01	0.000857143	1e-06	0	0	0
480	18	1	1	0.0105714	0.000857143	1e-06	0	0	0
481	19	1	1	0.0111429	0.000857143	1e-06	0	0	0
482	20	1	1	0.0117143	0.000857143	1e-06	0	0	0
483	0	2	1	0.000285714	0.00142857	1e-06	0	0	0
484	1	2	1	0.000857143	0.00142857	1e-06	0	0	0
485	2	2	1	0.00142857	0.00142857	1e-06	0	0	0
486	3	2	1	0.002	0.00142857	1e-06	0	0	0
487	4	2	1	0.00257143	0.00142857	1e-06	0	0	0
488	5	2	1	0.00314286	0.00142857	1e-06	0	0	0
489	6	2	1	0.00371429	0.00142857	1e-06	0	0	0
490	7	2	1	0.00428571	0.00142857	1e-06	0	0	0
491	8	2	1	0.00485714	0.00142857	1e-06	0	0	0
492	9	2	1	0.00542857	0.00142857	1e-06	0	0	0
493	10	2	1	0.006	0.00142857	1e-06	0	0	0
494	11	2	1	0.00657143	0.00142857	1e-06	0	0	0
495	12	2	1	0.00714286	0.00142857	1e-06	0	0	0
496	13	2	1	0.00771429	0.00142857	1e-06	0	0	0
497	14	2	1	0.00828571	0.00142857	1e-06	0	0	0
498	15	2	1	0.00885714	0.00142857	1e-06	0	0	0
499	16	2	1	0.00942857	0.00142857	1e-06	0	0	0
500	17	2	1	0.01	0.00142857	1e-06	0	0	0
501	18	2	1	0.0105714	0.00142857	1e-06	0	0	0
502	19	2	1	0.0111429	0.00142857	1e-06	0	0	0
503	20	2	1	0.0117143	0.00142857	1e-06	0	0	0
504	0	3	1	0.000285714	0.002	1e-06	0	0	0
505	1	3	1	0.000857143	0.002	1e-06	0	0	0
506	2	3	1	0.00142857	0.002	1e-06	0	0	0
507	3	3	1	0.002	0.002	1e-06	0	0	0
508	4	3	1	0.00257143	0.002	1e-06	0	0	0
509	5	3	1	0.00314286	0.002	1e-06	0	0	0
510	6	3	1	0.00371429	0.002	1e-06	0	0	0
511	7	3	1	0.00428571	0.002	1e-06	0	0	0
512	8	3	1	0.00485714	0.002	1e-06	0	0	0
513	9	3	1	0.00542857	0.002	1e-06	0	0	0
514	10	3	1	0.006	0.002	1e-06	0	0	0
515	11	3	1	0.00657143	0.002	1e-06	0	0	0
516	12	3	1	0.00714286	0.002	1e-06	0	0	0
517	13	3	1	0.00771429	0.002	1e-06	0	0	0
518	14	3	1	0.00828571	0.002	1e-06	0	0	0
519	15	3	1	0.00885714	0.002	1e-06	0	0	0
520	16	3	1	0.00942857	0.002	1e-06	0	0	0
521	17	3	1	0.01	0.002	1e-06	0	0	0
522	18	3	1	0.0105714	0.002	1e-06	0	0	0
523	19	3	1	0.0111429	0.002	1e-06	0	0	0
524	20	3	1	0.0117143	0.002	1e-06	0	0	0
525	0	4	1	0.000285714	0.00257143	1e-06	0	0	0
526	1	4	1	0.000857143	0.00257143	1e-06	0	0	0
527	2	4	1	0.00142857	0.00257143	1e-06	0	0	0
528	3	4	1	0.002	0.00257143	1e-06	0	0	0
529	4	4	1	0.00257143	0.00257143	1e-06	0	0	0
530	5	4	1	0.00314286	0.00257143	1e-06	0	0	0
531	6	4	1	0.00371429	0.00257143	1e-06	0	0	0
532	7	4	1	0.00428571	0.00257143	1e-06	0	0	0
533	8	4	1	0.00485714	0.00257143	1e-06	0	0	0
534	9	4	1	0.00542857	0.00257143	1e-06	0	0	0
535	10	4	1	0.006	0.00257143	1e-06	0	0	0
536	11	4	1	0.00657143	0.00257143	1e-06	0	0	0
537	12	4	1	0.00714286	0.00257143	1e-06	0	0	0
538	13	4	1	0.00771429	0.00257143	1e-06	0	0	0
539	14	4	1	0.00828571	0.00257143	1e-06	0	0	0
540	15	4	1	0.00885714	0.00257143	1e-06	0	0	0
541	16	4	1	0.00942857	0.00257143	1e-06	0	0	0
542	17	4	1	0.01	0.00257143	1e-06	0	0	0
543	18	4	1	0.0105714	0.00257143	1e-06	0	0	0
544	19	4	1	0.0111429	0.00257143	1e-06	0	0	0
545	20	4	1	0.0117143	0.00257143	1e-06	0	0	0
546	0	5	1	0.000285714	0.00314286	1e-06	0	0	0
547	1	5	1	0.000857143	0.00314286	1e-06	0	0	0
548	2	5	1	0.00142857	0.00314286	1e-06	0	0	0
549	3	5	1	0.002	0.00314286	1e-06	0	0	0
550	4	5	1	0.00257143	0.00314286	1e-06	0	0	0
551	5	5	1	0.00314286	0.00314286	1e-06	0	0	0
552	6	5	1	0.00371429	0.00314286	1e-06	0	0	0
553	7	5	1	0.00428571	0.00314286	1e-06	0	0	0
554	8	5	1	0.00485714	0.00314286	1e-06	0	0	0
555	9	5	1	0.00542857	0.00314286	1e-06	0	0	0
556	10	5	1	0.006	0.00314286	1e-06	0	0	0
557	11	5	1	0.00657143	0.00314286	1e-06	0	0	0
558	12	5	1	0.00714286	0.00314286	1e-06	0	0	0
559	13	5	1	0.00771429	0.00314286	1e-06	0	0	0
560	14	5	1	0.00828571	0.00314286	1e-06	0	0	0
561	15	5	1	0.00885714	0.00314286	1e-06	0	0	0
562	16	5	1	0.00942857	0.00314286	1e-06	0	0	0
563	17	5	1	0.01	0.00314286	1e-06	0	0	0
564	18	5	1	0.0105714	0.00314286	1e-06	0	0	0
565	19	5	1	0.0111429	0.00314286	1e-06	0	0	0
566	20	5	1	0.0117143	0.00314286	1e-06	0	0	0
567	0	6	1	0.000285714	0.00371429	1e-06	0	0	0
568	1	6	1	0.000857143	0.00371429	1e-06	0	0	0
569	2	6	1	0.00142857	0.00371429	1e-06	0	0	0
570	3	6	1	0.002	0.00371429	1e-06	0	0	0
571	4	6	1	0.00257143	0.00371429	1e-06	0	0	0
572	5	6	1	0.00314286	0.00371429	1e-06	0	0	0
573	6	6	1	0.00371429	0.00371429	1e-06	0	0	0
574	7	6	1	0.00428571	0.00371429	1e-06	0	0	0
575	8	6	1	0.00485714	0.00371429	1e-06	0	0	0
576	9	6	1	0.00542857	0.00371429	1e-06	0	0	0
577	10	6	1	0.006	0.00371429	1e-06	0	0	0
578	11	6	1	0.00657143	0.00371429	1e-06	0	0	0
579	12	6	1	0.00714286	0.00371429	1e-06	0	0	0
580	13	6	1	0.00771429	0.00371429	1e-06	0	0	0
581	14	6	1	0.00828571	0.00371429	1e-06	0	0	0
582	15	6	1	0.00885714	0.00371429	1e-06	0	0	0
583	16	6	1	0.00942857	0.00371429	1e-06	0	0	0
584	17	6	1	0.01	0.00371429	1e-06	0	0	0
585	18	6	1	0.0105714	0.00371429	1e-06	0	0	0
586	19	6	1	0.0111429	0.00371429	1e-06	0	0	0
587	20	6	1	0.0117143	0.00371429	1e-06	0	0	0
588	0	7	1	0.000285714	0.00428571	1e-06	0	0	0
589	1	7	1	0.000857143	0.00428571	1e-06	0	0	0
590	2	7	1	0.00142857	0.00428571	1e-06	0	0	0
591	3	7	1	0.002	0.00428571	1e-06	0	0	0
592	4	7	1	0.00257143	0.00428571	1e-06	0	0	0
593	5	7	1	0.00314286	0.00428571	1e-06	0	0	0
594	6	7	1	0.00371429	0.00428571	1e-06	0	0	0
595	7	7	1	0.00428571	0.00428571	1e-06	0	0	0
596	8	7	1	0.00485714	0.00428571	1e-06	0	0	0
597	9	7	1	0.00542857	0.00428571	1e-06	0	0	0
598	10	7	1	0.006	0.00428571	1e-06	0	0	0
599	11	7	1	0.00657143	0.00428571	1e-06	0	0	0
600	12	7	1	0.00714286	0.00428571	1e-06	0	0	0
601	13	7	1	0.00771429	0.00428571	1e-06	0	0	0
602	14	7	1	0.00828571	0.00428571	1e-06	0	0	0
603	15	7	1	0.00885714	0.00428571	1e-06	0	0	0
604	16	7	1	0.00942857	0.00428571	1e-06	0	0	0
605	17	7	1	0.01	0.00428571	1e-06	0	0	0
606	18	7	1	0.0105714	0.00428571	1e-06	0	0	0
607	19	7	1	0.0111429	0.00428571	1e-06	0	0	0
608	20	7	1	0.0117143	0.00428571	1e-06	0	0	0
609	0	8	1	0.000285714	0.00485714	1e-06	0	0	0
610	1	8	1	0.000857143	0.00485714	1e-06	0	0	0
611	2	8	1	0.00142857	0.00485714	1e-06	0	0	0
612	3	8	1	0.002	0.00485714	1e-06	0	0	0
613	4	8	1	0.00257143	0.00485714	1e-06	0	0	0
614	5	8	1	0.00314286	0.00485714	1e-06	0	0	0
615	6	8	1	0.00371429	0.00485714	1e-06	0	0	0
616	7	8	1	0.00428571	0.00485714	1e-06	0	0	0
617	8	8	1	0.00485714	0.00485714	1e-06	0	0	0
618	9	8	1	0.00542857	0.00485714	1e-06	0	0	0
619	10	8	1	0.006	0.00485714	1e-06	0	0	0
620	11	8	1	0.00657143	0.00485714	1e-06	0	0	0
621	12	8	1	0.00714286	0.00485714	1e-06	0	0	0
622	13	8	1	0.00771429	0.00485714	1e-06	0	0	0
623	14	8	1	0.00828571	0.00485714	1e-06	0	0	0
624	15	8	1	0.00885714	0.00485714	1e-06	0	0	0
625	16	8	1	0.00942857	0.00485714	1e-06	0	0	0
626	17	8	1	0.01	0.00485714	1e-06	0	0	0
627	18	8	1	0.0105714	0.00485714	1e-06	0	0	0
628	19	8	1	0.0111429	0.00485714	1e-06	0	0	0
629	20	8	1	0.0117143	0.00485714	1e-06	0	0	0
630	0	9	1	0.000285714	0.00542857	1e-06	0	0	0
631	1	9	1	0.000857143	0.00542857	1e-06	0	0	0
632	2	9	1	0.00142857	0.00542857	1e-06	0	0	0
633	3	9	1	0.002	0.00542857	1e-06	0	0	0
634	4	9	1	0.00257143	0.00542857	1e-06	0	0	0
635	5	9	1	0.00314286	0.00542857	1e-06	0	0	0
636	6	9	1	0.00371429	0.00542857	1e-06	0	0	0
637	7	9	1	0.00428571	0.00542857	1e-06	0	0	0
638	8	9	1	0.00485714	0.00542857	1e-06	0	0	0
639	9	9	1	0.00542857	0.00542857	1e-06	0	0	0
640	10	9	1	0.006	0.00542857	1e-06	0	0	0
641	11	9	1	0.00657143	0.00542857	1e-06	0	0	0
642	12	9	1	0.00714286	0.00542857	1e-06	0	0	0
643	13	9	1	0.00771429	0.00542857	1e-06	0	0	0
644	14	9	1	0.00828571	0.00542857	1e-06	0	0	0
645	15	9	1	0.00885714	0.00542857	1e-06	0	0	0
646	16	9	1	0.00942857	0.00542857	1e-06	0	0	0
647	17	9	1	0.01	0.00542857	1e-06	0	0	0
648	18	9	1	0.0105714	0.00542857	1e-06	0	0	0
649	19	9	1	0.0111429	0.00542857	1e-06	0	0	0
650	20	9	1	0.0117143	0.00542857	1e-06	0	0	0
651	0	10	1	0.000285714	0.006	1e-06	0	0	0
652	1	10	1	0.000857143	0.006	1e-06	0	0	0
653	2	10	1	0.00142857	0.006	1e-06	0	0	0
654	3	10	1	0.002	0.006	1e-06	0	0	0
655	4	10	1	0.00257143	0.006	1e-06	0	0	0
656	5	10	1	0.00314286	0.006	1e-06	0	0	0
657	6	10	1	0.00371429	0.006	1e-06	0	0	0
658	7	10	1	0.00428571	0.006	1e-06	0	0	0
659	8	10	1	0.00485714	0.006	1e-06	0	0	0
660	9	10	1	0.00542857	0.006	1e-06	0	0	0
661	10	10	1	0.006	0.006	1e-06	0	0	0
662	11	10	1	0.00657143	0.006	1e-06	0	0	0
663	12	10	1	0.00714286	0.006	1e-06	0	0	0
664	13	10	1	0.00771429	0.006	1e-06	0	0	0
665	14	10	1	0.00828571	0.006	1e-06	0	0	0
666	15	10	1	0.00885714	0.006	1e-06	0	0	0
667	16	10	1	0.00942857	0.006	1e-06	0	0	0
668	17	10	1	0.01	0.006	1e-06	0	0	0
669	18	10	1	0.0105714	0.006	1e-06	0	0	0
670	19	10	1	0.0111429	0.006	1e-06	0	0	0
671	20	10	1	0.0117143	0.006	1e-06	0	0	0
672	0	11	1	0.000285714	0.00657143	1e-06	0	0	0
673	1	11	1	0.000857143	0.00657143	1e-06	0	0	0
674	2	11	1	0.00142857	0.00657143	1e-06	0	0	0
675	3	11	1	0.002	0.00657143	1e-06	0	0	0
676	4	11	1	0.00257143	0.00657143	1e-06	0	0	0
677	5	11	1	0.00314286	0.00657143	1e-06	0	0	0
678	6	11	1	0.00371429	0.00657143	1e-06	0	0	0
679	7	11	1	0.00428571	0.00657143	1e-06	0	0	0
680	8	11	1	0.00485714	0.00657143	1e-06	0	0	0
681	9	11	1	0.00542857	0.00657143	1e-06	0	0	0
682	10	11	1	0.006	0.00657143	1e-06	0	0	0
683	11	11	1	0.00657143	0.00657143	1e-06	0	0	0
684	12	11	1	0.00714286	0.00657143	1e-06	0	0	0
685	13	11	1	0.00771429	0.00657143	1e-06	0	0	0
686	14	11	1	0.00828571	0.00657143	1e-06	0	0	0
687	15	11	1	0.00885714	0.00657143	1e-06	0	0	0
688	16	11	1	0.00942857	0.00657143	1e-06	0	0	0
689	17	11	1	0.01	0.00657143	1e-06	0	0	0
690	18	11	1	0.0105714	0.00657143	1e-06	0	0	0
691	19	11	1	0.0111429	0.00657143	1e-06	0	0	0
692	20	11	1	0.0117143	0.00657143	1e-06	0	0	0
693	0	12	1	0.000285714	0.00714286	1e-06	0	0	0
694	1	12	1	0.000857143	0.00714286	1e-06	0	0	0
695	2	12	1	0.00142857	0.00714286	1e-06	0	0	0
696	3	12	1	0.002	0.00714286	1e-06	0	0	0
697	4	12	1	0.00257143	0.00714286	1e-06	0	0	0
698	5	12	1	0.00314286	0.00714286	1e-06	0	0	0
699	6	12	1	0.00371429	0.00714286	1e-06	0	0	0
700	7	12	1	0.00428571	0.00714286	1e-06	0	0	0
701	8	12	1	0.00485714	0.00714286	1e-06	0	0	0
702	9	12	1	0.00542857	0.00714286	1e-06	0	0	0
703	10	12	1	0.006	0.00714286	1e-06	0	0	0
704	11	12	1	0.00657143	0.00714286	1e-06	0	0	0
705	12	12	1	0.00714286	0.00714286	1e-06	0	0	0
706	13	12	1	0.00771429	0.00714286	1e-06	0	0	0
707	14	12	1	0.00828571	0.00714286	1e-06	0	0	0
708	15	12	1	0.00885714	0.00714286	1e-06	0	0	0
709	16	12	1	0.00942857	0.00714286	1e-06	0	0	0
710	17	12	1	0.01	0.00714286	1e-06	0	0	0
711	18	12	1	0.0105714	0.00714286	1e-06	0	0	0
712	19	12	1	0.0111429	0.00714286	1e-06	0	0	0
713	20	12	1	0.0117143	0.00714286	1e-06	0	0	0
714	0	13	1	0.000285714	0.00771429	1e-06	0	0	0
715	1	13	1	0.000857143	0.00771429	1e-06	0	0	0
716	2	13	1	0.00142857	0.00771429	1e-06	0	0	0
717	3	13	1	0.002	0.00771429	1e-06	0	0	0
718	4	13	1	0.00257143	0.00771429	1e-06	0	0	0
719	5	13	1	0.00314286	0.00771429	1e-06	0	0	0
720	6	13	1	0.00371429	0.00771429	1e-06	0	0	0
721	7	13	1	0.00428571	0.00771429	1e-06	0	0	0
722	8	13	1	0.00485714	0.00771429	1e-06	0	0	0
723	9	13	1	0.00542857	0.00771429	1e-06	0	0	0
724	10	13	1	0.006	0.00771429	1e-06	0	0	0
725	11	13	1	0.00657143	0.00771429	1e-06	0	0	0
726	12	13	1	0.00714286	0.00771429	1e-06	0	0	0
727	13	13	1	0.00771429	0.00771429	1e-06	0	0	0
728	14	13	1	0.00828571	0.00771429	1e-06	0	0	0
729	15	13	1	0.00885714	0.00771429	1e-06	0	0	0
730	16	13	1	0.00942857	0.00771429	1e-06	0	0	0
731	17	13	1	0.01	0.00771429	1e-06	0	0	0
732	18	13	1	0.0105714	0.00771429	1e-06	0	0	0
733	19	13	1	0.0111429	0.00771429	1e-06	0	0	0
734	20	13	1	0.0117143	0.00771429	1e-06	0	0	0
735	0	14	1	0.000285714	0.00828571	1e-06	0	0	0
736	1	14	1	0.000857143	0.00828571	1e-06	0	0	0
737	2	14	1	0.00142857	0.00828571	1e-06	0	0	0
738	3	14	1	0.002	0.00828571	1e-06	0	0	0
739	4	14	1	0.00257143	0.00828571	1e-06	0	0	0
740	5	14	1	0.00314286	0.00828571	1e-06	0	0	0
741	6	14	1	0.00371429	0.00828571	1e-06	0	0	0
742	7	14	1	0.00428571	0.00828571	1e-06	0	0	0
743	8	14	1	0.00485714	0.00828571	1e-06	0	0	0
744	9	14	1	0.00542857	0.00828571	1e-06	0	0	0
745	10	14	1	0.006	0.00828571	1e-06	0	0	0
746	11	14	1	0.00657143	0.00828571	1e-06	0	0	0
747	12	14	1	0.00714286	0.00828571	1e-06	0	0	0
748	13	14	1	0.00771429	0.00828571	1e-06	0	0	0
749	14	14	1	0.00828571	0.00828571	1e-06	0	0	0
750	15	14	1	0.00885714	0.00828571	1e-06	0	0	0
751	16	14	1	0.00942857	0.00828571	1e-06	0	0	0
752	17	14	1	0.01	0.00828571	1e-06	0	0	0
753	18	14	1	0.0105714	0.00828571	1e-06	0	0	0
754	19	14	1	0.0111429	0.00828571	1e-06	0	0	0
755	20	14	1	0.0117143	0.00828571	1e-06	0	0	0
756	0	15	1	0.000285714	0.00885714	1e-06	0	0	0
757	1	15	1	0.000857143	0.00885714	1e-06	0	0	0
758	2	15	1	0.00142857	0.00885714	1e-06	0	0	0
759	3	15	1	0.002	0.00885714	1e-06	0	0	0
760	4	15	1	0.00257143	0.00885714	1e-06	0	0	0
761	5	15	1	0.00314286	0.00885714	1e-06	0	0	0
762	6	15	1	0.00371429	0.00885714	1e-06	0	0	0
763	7	15	1	0.00428571	0.00885714	1e-06	0	0	0
764	8	15	1	0.00485714	0.00885714	1e-06	0	0	0
765	9	15	1	0.00542857	0.00885714	1e-06	0	0	0
766	10	15	1	0.006	0.00885714	1e-06	0	0	0
767	11	15	1	0.00657143	0.00885714	1e-06	0	0	0
768	12	15	1	0.00714286	0.00885714	1e-06	0	0	0
769	13	15	1	0.00771429	0.00885714	1e-06	0	0	0
770	14	15	1	0.00828571	0.00885714	1e-06	0	0	0
771	15	15	1	0.00885714	0.00885714	1e-06	0	0	0
772	16	15	1	0.00942857	0.00885714	1e-06	0	0	0
773	17	15	1	0.01	0.00885714	1e-06	0	0	0
774	18	15	1	0.0105714	0.00885714	1e-06	0	0	0
775	19	15	1	0.0111429	0.00885714	1e-06	0	0	0
776	20	15	1	0.0117143	0.00885714	1e-06	0	0	0
777	0	16	1	0.000285714	0.00942857	1e-06	0	0	0
778	1	16	1	0.000857143	0.00942857	1e-06	0	0	0
779	2	16	1	0.00142857	0.00942857	1e-06	0	0	0
780	3	16	1	0.002	0.00942857	1e-06	0	0	0
781	4	16	1	0.00257143	0.00942857	1e-06	0	0	0
782	5	16	1	0.00314286	0.00942857	1e-06	0	0	0
783	6	16	1	0.00371429	0.00942857	1e-06	0	0	0
784	7	16	1	0.00428571	0.00942857	1e-06	0	0	0
785	8	16	1	0.00485714	0.00942857	1e-06	0	0	0
786	9	16	1	0.00542857	0.00942857	1e-06	0	0	0
787	10	16	1	0.006	0.00942857	1e-06	0	0	0
788	11	16	1	0.00657143	0.00942857	1e-06	0	0	0
789	12	16	1	0.00714286	0.00942857	1e-06	0	0	0
790	13	16	1	0.00771429	0.00942857	1e-06	0	0	0
791	14	16	1	0.00828571	0.00942857	1e-06	0	0	0
792	15	16	1	0.00885714	0.00942857	1e-06	0	0	0
793	16	16	1	0.00942857	0.00942857	1e-06	0	0	0
794	17	16	1	0.01	0.00942857	1e-06	0	0	0
795	18	16	1	0.0105714	0.00942857	1e-06	0	0	0
796	19	16	1	0.0111429	0.00942857	1e-06	0	0	0
797	20	16	1	0.0117143	0.00942857	1e-06	0	0	0
798	0	17	1	0.000285714	0.01	1e-06	0	0	0
799	1	17	1	0.000857143	0.01	1e-06	0	0	0
800	2	17	1	0.00142857	0.01	1e-06	0	0	0
801	3	17	1	0.002	0.01	1e-06	0	0	0
802	4	17	1	0.00257143	0.01	1e-06	0	0	0
803	5	17	1	0.00314286	0.01	1e-06	0	0	0
804	6	17	1	0.00371429	0.01	1e-06	0	0	0
805	7	17	1	0.00428571	0.01	1e-06	0	0	0
806	8	17	1	0.00485714	0.01	1e-06	0	0	0
807	9	17	1	0.00542857	0.01	1e-06	0	0	0
808	10	17	1	0.006	0.01	1e-06	0	0	0
809	11	17	1	0.00657143	0.01	1e-06	0	0	0
810	12	17	1	0.00714286	0.01	1e-06	0	0	0
811	13	17	1	0.00771429	0.01	1e-06	0	0	0
812	14	17	1	0.00828571	0.01	1e-06	0	0	0
813	15	17	1	0.00885714	0.01	1e-06	0	0	0
814	16	17	1	0.00942857	0.01	1e-06	0	0	0
815	17	17	1	0.01	0.01	1e-06	0	0	0
816	18	17	1	0.0105714	0.01	1e-06	0	0	0
817	19	17	1	0.0111429	0.01	1e-06	0	0	0
818	20	17	1	0.0117143	0.01	1e-06	0	0	0
819	0	18	1	0.000285714	0.0105714	1e-06	0	0	0
820	1	18	1	0.000857143	0.0105714	1e-06	0	0	0
821	2	18	1	0.00142857	0.0105714	1e-06	0	0	0
822	3	18	1	0.002	0.0105714	1e-06	0	0	0
823	4	18	1	0.00257143	0.0105714	1e-06	0	0	0
824	5	18	1	0.00314286	0.0105714	1e-06	0	0	0
825	6	18	1	0.00371429	0.0105714	1e-06	0	0	0
826	7	18	1	0.00428571	0.0105714	1e-06	0	0	0
827	8	18	1	0.00485714	0.0105714	1e-06	0	0	0
828	9	18	1	0.00542857	0.0105714	1e-06	0	0	0
829	10	18	1	0.006	0.0105714	1e-06	0	0	0
830	11	18	1	0.00657143	0.0105714	1e-06	0	0	0
831	12	18	1	0.00714286	0.0105714	1e-06	0	0	0
832	13	18	1	0.00771429	0.0105714	1e-06	0	0	0
833	14	18	1	0.00828571	0.0105714	1e-06	0	0	0
834	15	18	1	0.00885714	0.0105714	1e-06	0	0	0
835	16	18	1	0.00942857	0.0105714	1e-06	0	0	0
836	17	18	1	0.01	0.0105714	1e-06	0	0	0
837	18	18	1	0.0105714	0.0105714	1e-06	0	0	0
838	19	18	1	0.0111429	0.0105714	1e-06	0	0	0
839	20	18	1	0.0117143	0.0105714	1e-06	0	0	0
840	0	19	1	0.000285714	0.0111429	1e-06	0	0	0
841	1	19	1	0.000857143	0.0111429	1e-06	0	0	0
842	2	19	1	0.00142857	0.0111429	1e-06	0	0	0
843	3	19	1	0.002	0.0111429	1e-06	0	0	0
844	4	19	1	0.00257143	0.0111429	1e-06	0	0	0
845	5	19	1	0.00314286	0.0111429	1e-06	0	0	0
846	6	19	1	0.00371429	0.0111429	1e-06	0	0	0
847	7	19	1	0.00428571	0.0111429	1e-06	0	0	0
848	8	19	1	0.00485714	0.0111429	1e-06	0	0	0
849	9	19	1	0.00542857	0.0111429	1e-06	0	0	0
850	10	19	1	0.006	0.0111429	1e-06	0	0	0
851	11	19	1	0.00657143	0.0111429	1e-06	0	0	0
852	12	19	1	0.00714286	0.0111429	1e-06	0	0	0
853	13	19	1	0.00771429	0.0111429	1e-06	0	0	0
854	14	19	1	0.00828571	0.0111429	1e-06	0	0	0
855	15	19	1	0.00885714	0.0111429	1e-06	0	0	0
856	16	19	1	0.00942857	0.0111429	1e-06	0	0	0
857	17	19	1	0.01	0.0111429	1e-06	0	0	0
858	18	19	1	0.0105714	0.0111429	1e-06	0	0	0
859	19	19	1	0.0111429	0.0111429	1e-06	0	0	0
860	20	19	1	0.0117143	0.0111429	1e-06	0	0	0
861	0	20	1	0.000285714	0.0117143	1e-06	0	0	0
862	1	20	1	0.000857143	0.0117143	1e-06	0	0	0
863	2	20	1	0.00142857	0.0117143	1e-06	0	0	0
864	3	20	1	0.002	0.0117143	1e-06	0	0	0
865	4	20	1	0.00257143	0.0117143	1e-06	0	0	0
866	5	20	1	0.00314286	0.0117143	1e-06	0	0	0
867	6	20	1	0.00371429	0.0117143	1e-06	0	0	0
868	7	20	1	0.00428571	0.0117143	1e-06	0	0	0
869	8	20	1	0.00485714	0.0117143	1e-06	0	0	0
870	9	20	1	0.00542857	0.0117143	1e-06	0	0	0
871	10	20	1	0.006	0.0117143	1e-06	0	0	0
872	11	20	1	0.00657143	0.0117143	1e-06	0	0	0
873	12	20	1	0.00714286	0.0117143	1e-06	0	0	0
874	13	20	1	0.00771429	0.0117143	1e-06	0	0	0
875	14	20	1	0.00828571	0.0117143	1e-06	0	0	0
876	15	20	1	0.00885714	0.0117143	1e-06	0	0	0
877	16	20	1	0.00942857	0.0117143	1e-06	0	0	0
878	17	20	1	0.01	0.0117143	1e-06	0	0	0
879	18	20	1	0.0105714	0.0117143	1e-06	0	0	0
880	19	20	1	0.0111429	0.0117143	1e-06	0	0	0
881	20	20	1	0.0117143	0.0117143	1e-06	0	0	0
