#1	2	3	4	5		 6		7		 8 9	10
#n i j k X[0] X[1] X[2] J dJ av_dA
#step: 0
0	0	0	0	0	0.000285714	5e-07	0	0	-7.62156e-06
1	1	0	0	0.000571429	0.000285714	5e-07	-2.34192e+10	-2.34192e+10	-1.27277e-05
2	2	0	0	0.00114286	0.000285714	5e-07	-2.78256e+10	-2.78256e+10	-1.59976e-05
3	3	0	0	0.00171429	0.000285714	5e-07	-3.01376e+10	-3.01376e+10	-1.8255e-05
4	4	0	0	0.00228571	0.000285714	5e-07	-3.05456e+10	-3.05456e+10	-1.9881e-05
5	5	0	0	0.00285714	0.000285714	5e-07	-3.0872e+10	-3.0872e+10	-2.11423e-05
6	6	0	0	0.00342857	0.000285714	5e-07	-3.1008e+10	-3.1008e+10	-2.21182e-05
7	7	0	0	0.004	0.000285714	5e-07	-3.11168e+10	-3.11168e+10	-2.2862e-05
8	8	0	0	0.00457143	0.000285714	5e-07	-3.11712e+10	-3.11712e+10	-2.33989e-05
9	9	0	0	0.00514286	0.000285714	5e-07	-3.12256e+10	-3.12256e+10	-2.37501e-05
10	10	0	0	0.00571429	0.000285714	5e-07	-3.12256e+10	-3.12256e+10	-2.39214e-05
11	11	0	0	0.00628571	0.000285714	5e-07	-3.12528e+10	-3.12528e+10	-2.39233e-05
12	12	0	0	0.00685714	0.000285714	5e-07	-3.11984e+10	-3.11984e+10	-2.37482e-05
13	13	0	0	0.00742857	0.000285714	5e-07	-3.11984e+10	-3.11984e+10	-2.34013e-05
14	14	0	0	0.008	0.000285714	5e-07	-3.11168e+10	-3.11168e+10	-2.28625e-05
15	15	0	0	0.00857143	0.000285714	5e-07	-3.1008e+10	-3.1008e+10	-2.21183e-05
16	16	0	0	0.00914286	0.000285714	5e-07	-3.0872e+10	-3.0872e+10	-2.11423e-05
17	17	0	0	0.00971429	0.000285714	5e-07	-3.05456e+10	-3.05456e+10	-1.9881e-05
18	18	0	0	0.0102857	0.000285714	5e-07	-3.01376e+10	-3.01376e+10	-1.8255e-05
19	19	0	0	0.0108571	0.000285714	5e-07	-2.78256e+10	-2.78256e+10	-1.59977e-05
20	20	0	0	0.0114286	0.000285714	5e-07	-2.34192e+10	-2.34192e+10	-1.27277e-05
21	21	0	0	0.012	0.000285714	5e-07	0	0	-7.62156e-06
22	0	1	0	0	0.000857143	5e-07	0	0	-7.22623e-06
23	1	1	0	0.000571429	0.000857143	5e-07	-4.4064e+09	-4.4064e+09	-1.04961e-05
24	2	1	0	0.00114286	0.000857143	5e-07	-7.1536e+09	-7.1536e+09	-1.3498e-05
25	3	1	0	0.00171429	0.000857143	5e-07	-1.05264e+10	-1.05264e+10	-1.60698e-05
26	4	1	0	0.00228571	0.000857143	5e-07	-1.36272e+10	-1.36272e+10	-1.82062e-05
27	5	1	0	0.00285714	0.000857143	5e-07	-1.5776e+10	-1.5776e+10	-1.98897e-05
28	6	1	0	0.00342857	0.000857143	5e-07	-1.7408e+10	-1.7408e+10	-2.12035e-05
29	7	1	0	0.004	0.000857143	5e-07	-1.85776e+10	-1.85776e+10	-2.21979e-05
30	8	1	0	0.00457143	0.000857143	5e-07	-1.93936e+10	-1.93936e+10	-2.29136e-05
31	9	1	0	0.00514286	0.000857143	5e-07	-1.99104e+10	-1.99104e+10	-2.33775e-05
32	10	1	0	0.00571429	0.000857143	5e-07	-2.01824e+10	-2.01824e+10	-2.36073e-05
33	11	1	0	0.00628571	0.000857143	5e-07	-2.01552e+10	-2.01552e+10	-2.36054e-05
34	12	1	0	0.00685714	0.000857143	5e-07	-1.99376e+10	-1.99376e+10	-2.33793e-05
35	13	1	0	0.00742857	0.000857143	5e-07	-1.93664e+10	-1.93664e+10	-2.29112e-05
36	14	1	0	0.008	0.000857143	5e-07	-1.85776e+10	-1.85776e+10	-2.21974e-05
37	15	1	0	0.00857143	0.000857143	5e-07	-1.7408e+10	-1.7408e+10	-2.12034e-05
38	16	1	0	0.00914286	0.000857143	5e-07	-1.5776e+10	-1.5776e+10	-1.98897e-05
39	17	1	0	0.00971429	0.000857143	5e-07	-1.36272e+10	-1.36272e+10	-1.82062e-05
40	18	1	0	0.0102857	0.000857143	5e-07	-1.05264e+10	-1.05264e+10	-1.60698e-05
41	19	1	0	0.0108571	0.000857143	5e-07	-7.1536e+09	-7.1536e+09	-1.3498e-05
42	20	1	0	0.0114286	0.000857143	5e-07	-4.4064e+09	-4.4064e+09	-1.04961e-05
43	21	1	0	0.012	0.000857143	5e-07	0	0	-7.22623e-06
44	0	2	0	0	0.00142857	5e-07	0	0	-6.43607e-06
45	1	2	0	0.000571429	0.00142857	5e-07	-2.312e+09	-2.312e+09	-8.69342e-06
46	2	2	0	0.00114286	0.00142857	5e-07	-5.6848e+09	-5.6848e+09	-1.12653e-05
47	3	2	0	0.00171429	0.00142857	5e-07	-7.208e+09	-7.208e+09	-1.34853e-05
48	4	2	0	0.00228571	0.00142857	5e-07	-8.4048e+09	-8.4048e+09	-1.53543e-05
49	5	2	0	0.00285714	0.00142857	5e-07	-9.2752e+09	-9.2752e+09	-1.68782e-05
50	6	2	0	0.00342857	0.00142857	5e-07	-9.9552e+09	-9.9552e+09	-1.80901e-05
51	7	2	0	0.004	0.00142857	5e-07	-1.04176e+10	-1.04176e+10	-1.90161e-05
52	8	2	0	0.00457143	0.00142857	5e-07	-1.07712e+10	-1.07712e+10	-1.96894e-05
53	9	2	0	0.00514286	0.00142857	5e-07	-1.09616e+10	-1.09616e+10	-2.01249e-05
54	10	2	0	0.00571429	0.00142857	5e-07	-1.10704e+10	-1.10704e+10	-2.03405e-05
55	11	2	0	0.00628571	0.00142857	5e-07	-1.10704e+10	-1.10704e+10	-2.03403e-05
56	12	2	0	0.00685714	0.00142857	5e-07	-1.09616e+10	-1.09616e+10	-2.0125e-05
57	13	2	0	0.00742857	0.00142857	5e-07	-1.07712e+10	-1.07712e+10	-1.96888e-05
58	14	2	0	0.008	0.00142857	5e-07	-1.04176e+10	-1.04176e+10	-1.90157e-05
59	15	2	0	0.00857143	0.00142857	5e-07	-9.9552e+09	-9.9552e+09	-1.809e-05
60	16	2	0	0.00914286	0.00142857	5e-07	-9.2752e+09	-9.2752e+09	-1.68781e-05
61	17	2	0	0.00971429	0.00142857	5e-07	-8.4048e+09	-8.4048e+09	-1.53542e-05
62	18	2	0	0.0102857	0.00142857	5e-07	-7.208e+09	-7.208e+09	-1.34853e-05
63	19	2	0	0.0108571	0.00142857	5e-07	-5.6848e+09	-5.6848e+09	-1.12653e-05
64	20	2	0	0.0114286	0.00142857	5e-07	-2.312e+09	-2.312e+09	-8.69342e-06
65	21	2	0	0.012	0.00142857	5e-07	0	0	-6.43608e-06
66	0	3	0	0	0.002	5e-07	0	0	-5.61936e-06
67	1	3	0	0.000571429	0.002	5e-07	-4.08e+08	-4.08e+08	-7.24531e-06
68	2	3	0	0.00114286	0.002	5e-07	-3.5088e+09	-3.5088e+09	-9.38169e-06
69	3	3	0	0.00171429	0.002	5e-07	-4.7056e+09	-4.7056e+09	-1.12507e-05
70	4	3	0	0.00228571	0.002	5e-07	-5.7392e+09	-5.7392e+09	-1.2849e-05
71	5	3	0	0.00285714	0.002	5e-07	-6.528e+09	-6.528e+09	-1.4182e-05
72	6	3	0	0.00342857	0.002	5e-07	-7.1264e+09	-7.1264e+09	-1.52569e-05
73	7	3	0	0.004	0.002	5e-07	-7.5616e+09	-7.5616e+09	-1.609e-05
74	8	3	0	0.00457143	0.002	5e-07	-7.8608e+09	-7.8608e+09	-1.66987e-05
75	9	3	0	0.00514286	0.002	5e-07	-8.0784e+09	-8.0784e+09	-1.70982e-05
76	10	3	0	0.00571429	0.002	5e-07	-8.16e+09	-8.16e+09	-1.72936e-05
77	11	3	0	0.00628571	0.002	5e-07	-8.16e+09	-8.16e+09	-1.72936e-05
78	12	3	0	0.00685714	0.002	5e-07	-8.0784e+09	-8.0784e+09	-1.70982e-05
79	13	3	0	0.00742857	0.002	5e-07	-7.8608e+09	-7.8608e+09	-1.66985e-05
80	14	3	0	0.008	0.002	5e-07	-7.5616e+09	-7.5616e+09	-1.60899e-05
81	15	3	0	0.00857143	0.002	5e-07	-7.1264e+09	-7.1264e+09	-1.52568e-05
82	16	3	0	0.00914286	0.002	5e-07	-6.528e+09	-6.528e+09	-1.4182e-05
83	17	3	0	0.00971429	0.002	5e-07	-5.7392e+09	-5.7392e+09	-1.2849e-05
84	18	3	0	0.0102857	0.002	5e-07	-4.7056e+09	-4.7056e+09	-1.12507e-05
85	19	3	0	0.0108571	0.002	5e-07	-3.5088e+09	-3.5088e+09	-9.38169e-06
86	20	3	0	0.0114286	0.002	5e-07	-4.08e+08	-4.08e+08	-7.24531e-06
87	21	3	0	0.012	0.002	5e-07	0	0	-5.61936e-06
88	0	4	0	0	0.00257143	5e-07	0	0	-4.81419e-06
89	1	4	0	0.000571429	0.00257143	5e-07	-3.264e+08	-3.264e+08	-6.07551e-06
90	2	4	0	0.00114286	0.00257143	5e-07	-2.4752e+09	-2.4752e+09	-7.75904e-06
91	3	4	0	0.00171429	0.00257143	5e-07	-3.3456e+09	-3.3456e+09	-9.28295e-06
92	4	4	0	0.00228571	0.00257143	5e-07	-4.1344e+09	-4.1344e+09	-1.0616e-05
93	5	4	0	0.00285714	0.00257143	5e-07	-4.7328e+09	-4.7328e+09	-1.1744e-05
94	6	4	0	0.00342857	0.00257143	5e-07	-5.1408e+09	-5.1408e+09	-1.26619e-05
95	7	4	0	0.004	0.00257143	5e-07	-5.4944e+09	-5.4944e+09	-1.33858e-05
96	8	4	0	0.00457143	0.00257143	5e-07	-5.7392e+09	-5.7392e+09	-1.39188e-05
97	9	4	0	0.00514286	0.00257143	5e-07	-5.8752e+09	-5.8752e+09	-1.42674e-05
98	10	4	0	0.00571429	0.00257143	5e-07	-5.9568e+09	-5.9568e+09	-1.44409e-05
99	11	4	0	0.00628571	0.00257143	5e-07	-5.9568e+09	-5.9568e+09	-1.44409e-05
100	12	4	0	0.00685714	0.00257143	5e-07	-5.8752e+09	-5.8752e+09	-1.42673e-05
101	13	4	0	0.00742857	0.00257143	5e-07	-5.7392e+09	-5.7392e+09	-1.39187e-05
102	14	4	0	0.008	0.00257143	5e-07	-5.4944e+09	-5.4944e+09	-1.33857e-05
103	15	4	0	0.00857143	0.00257143	5e-07	-5.1408e+09	-5.1408e+09	-1.26619e-05
104	16	4	0	0.00914286	0.00257143	5e-07	-4.7328e+09	-4.7328e+09	-1.1744e-05
105	17	4	0	0.00971429	0.00257143	5e-07	-4.1344e+09	-4.1344e+09	-1.0616e-05
106	18	4	0	0.0102857	0.00257143	5e-07	-3.3456e+09	-3.3456e+09	-9.28294e-06
107	19	4	0	0.0108571	0.00257143	5e-07	-2.4752e+09	-2.4752e+09	-7.75904e-06
108	20	4	0	0.0114286	0.00257143	5e-07	-3.264e+08	-3.264e+08	-6.07551e-06
109	21	4	0	0.012	0.00257143	5e-07	0	0	-4.8142e-06
110	0	5	0	0	0.00314286	5e-07	0	0	-4.01337e-06
111	1	5	0	0.000571429	0.00314286	5e-07	-1.36e+08	-1.36e+08	-4.98935e-06
112	2	5	0	0.00114286	0.00314286	5e-07	-1.768e+09	-1.768e+09	-6.30308e-06
113	3	5	0	0.00171429	0.00314286	5e-07	-2.448e+09	-2.448e+09	-7.51498e-06
114	4	5	0	0.00228571	0.00314286	5e-07	-3.0464e+09	-3.0464e+09	-8.58985e-06
115	5	5	0	0.00285714	0.00314286	5e-07	-3.4544e+09	-3.4544e+09	-9.50774e-06
116	6	5	0	0.00342857	0.00314286	5e-07	-3.8352e+09	-3.8352e+09	-1.02714e-05
117	7	5	0	0.004	0.00314286	5e-07	-4.08e+09	-4.08e+09	-1.08735e-05
118	8	5	0	0.00457143	0.00314286	5e-07	-4.2704e+09	-4.2704e+09	-1.13214e-05
119	9	5	0	0.00514286	0.00314286	5e-07	-4.4064e+09	-4.4064e+09	-1.1618e-05
120	10	5	0	0.00571429	0.00314286	5e-07	-4.4608e+09	-4.4608e+09	-1.17645e-05
121	11	5	0	0.00628571	0.00314286	5e-07	-4.4608e+09	-4.4608e+09	-1.17645e-05
122	12	5	0	0.00685714	0.00314286	5e-07	-4.4064e+09	-4.4064e+09	-1.1618e-05
123	13	5	0	0.00742857	0.00314286	5e-07	-4.2704e+09	-4.2704e+09	-1.13214e-05
124	14	5	0	0.008	0.00314286	5e-07	-4.08e+09	-4.08e+09	-1.08734e-05
125	15	5	0	0.00857143	0.00314286	5e-07	-3.8352e+09	-3.8352e+09	-1.02714e-05
126	16	5	0	0.00914286	0.00314286	5e-07	-3.4544e+09	-3.4544e+09	-9.50772e-06
127	17	5	0	0.00971429	0.00314286	5e-07	-3.0464e+09	-3.0464e+09	-8.58984e-06
128	18	5	0	0.0102857	0.00314286	5e-07	-2.448e+09	-2.448e+09	-7.51498e-06
129	19	5	0	0.0108571	0.00314286	5e-07	-1.768e+09	-1.768e+09	-6.30309e-06
130	20	5	0	0.0114286	0.00314286	5e-07	-1.36e+08	-1.36e+08	-4.98936e-06
131	21	5	0	0.012	0.00314286	5e-07	0	0	-4.01337e-06
132	0	6	0	0	0.00371429	5e-07	0	0	-3.2123e-06
133	1	6	0	0.000571429	0.00371429	5e-07	-1.088e+08	-1.088e+08	-3.95607e-06
134	2	6	0	0.00114286	0.00371429	5e-07	-1.2784e+09	-1.2784e+09	-4.95045e-06
135	3	6	0	0.00171429	0.00371429	5e-07	-1.7408e+09	-1.7408e+09	-5.87645e-06
136	4	6	0	0.00228571	0.00371429	5e-07	-2.176e+09	-2.176e+09	-6.70961e-06
137	5	6	0	0.00285714	0.00371429	5e-07	-2.5296e+09	-2.5296e+09	-7.43346e-06
138	6	6	0	0.00342857	0.00371429	5e-07	-2.7744e+09	-2.7744e+09	-8.03551e-06
139	7	6	0	0.004	0.00371429	5e-07	-2.992e+09	-2.992e+09	-8.5185e-06
140	8	6	0	0.00457143	0.00371429	5e-07	-3.1552e+09	-3.1552e+09	-8.87921e-06
141	9	6	0	0.00514286	0.00371429	5e-07	-3.2368e+09	-3.2368e+09	-9.11645e-06
142	10	6	0	0.00571429	0.00371429	5e-07	-3.2912e+09	-3.2912e+09	-9.23551e-06
143	11	6	0	0.00628571	0.00371429	5e-07	-3.2912e+09	-3.2912e+09	-9.23551e-06
144	12	6	0	0.00685714	0.00371429	5e-07	-3.2368e+09	-3.2368e+09	-9.11644e-06
145	13	6	0	0.00742857	0.00371429	5e-07	-3.1552e+09	-3.1552e+09	-8.87919e-06
146	14	6	0	0.008	0.00371429	5e-07	-2.992e+09	-2.992e+09	-8.51848e-06
147	15	6	0	0.00857143	0.00371429	5e-07	-2.7744e+09	-2.7744e+09	-8.0355e-06
148	16	6	0	0.00914286	0.00371429	5e-07	-2.5296e+09	-2.5296e+09	-7.43345e-06
149	17	6	0	0.00971429	0.00371429	5e-07	-2.176e+09	-2.176e+09	-6.70961e-06
150	18	6	0	0.0102857	0.00371429	5e-07	-1.7408e+09	-1.7408e+09	-5.87645e-06
151	19	6	0	0.0108571	0.00371429	5e-07	-1.2784e+09	-1.2784e+09	-4.95046e-06
152	20	6	0	0.0114286	0.00371429	5e-07	-1.088e+08	-1.088e+08	-3.95608e-06
153	21	6	0	0.012	0.00371429	5e-07	0	0	-3.21231e-06
154	0	7	0	0	0.00428571	5e-07	0	0	-2.41005e-06
155	1	7	0	0.000571429	0.00428571	5e-07	-5.44e+07	-5.44e+07	-2.94698e-06
156	2	7	0	0.00114286	0.00428571	5e-07	-8.704e+08	-8.704e+08	-3.66271e-06
157	3	7	0	0.00171429	0.00428571	5e-07	-1.224e+09	-1.224e+09	-4.33608e-06
158	4	7	0	0.00228571	0.00428571	5e-07	-1.5232e+09	-1.5232e+09	-4.9447e-06
159	5	7	0	0.00285714	0.00428571	5e-07	-1.768e+09	-1.768e+09	-5.47769e-06
160	6	7	0	0.00342857	0.00428571	5e-07	-1.9584e+09	-1.9584e+09	-5.92565e-06
161	7	7	0	0.004	0.00428571	5e-07	-2.1216e+09	-2.1216e+09	-6.28635e-06
162	8	7	0	0.00457143	0.00428571	5e-07	-2.2032e+09	-2.2032e+09	-6.55363e-06
163	9	7	0	0.00514286	0.00428571	5e-07	-2.2848e+09	-2.2848e+09	-6.73357e-06
164	10	7	0	0.00571429	0.00428571	5e-07	-2.312e+09	-2.312e+09	-6.82253e-06
165	11	7	0	0.00628571	0.00428571	5e-07	-2.312e+09	-2.312e+09	-6.82253e-06
166	12	7	0	0.00685714	0.00428571	5e-07	-2.2848e+09	-2.2848e+09	-6.73357e-06
167	13	7	0	0.00742857	0.00428571	5e-07	-2.2032e+09	-2.2032e+09	-6.55362e-06
168	14	7	0	0.008	0.00428571	5e-07	-2.1216e+09	-2.1216e+09	-6.28634e-06
169	15	7	0	0.00857143	0.00428571	5e-07	-1.9584e+09	-1.9584e+09	-5.92564e-06
170	16	7	0	0.00914286	0.00428571	5e-07	-1.768e+09	-1.768e+09	-5.47769e-06
171	17	7	0	0.00971429	0.00428571	5e-07	-1.5232e+09	-1.5232e+09	-4.9447e-06
172	18	7	0	0.0102857	0.00428571	5e-07	-1.224e+09	-1.224e+09	-4.33609e-06
173	19	7	0	0.0108571	0.00428571	5e-07	-8.704e+08	-8.704e+08	-3.66273e-06
174	20	7	0	0.0114286	0.00428571	5e-07	-5.44e+07	-5.44e+07	-2.947e-06
175	21	7	0	0.012	0.00428571	5e-07	0	0	-2.41007e-06
176	0	8	0	0	0.00485714	5e-07	0	0	-1.60729e-06
177	1	8	0	0.000571429	0.00485714	5e-07	-5.44e+07	-5.44e+07	-1.95841e-06
178	2	8	0	0.00114286	0.00485714	5e-07	-5.712e+08	-5.712e+08	-2.42232e-06
179	3	8	0	0.00171429	0.00485714	5e-07	-7.616e+08	-7.616e+08	-2.85777e-06
180	4	8	0	0.00228571	0.00485714	5e-07	-9.792e+08	-9.792e+08	-3.25735e-06
181	5	8	0	0.00285714	0.00485714	5e-07	-1.1152e+09	-1.1152e+09	-3.60594e-06
182	6	8	0	0.00342857	0.00485714	5e-07	-1.2512e+09	-1.2512e+09	-3.90253e-06
183	7	8	0	0.004	0.00485714	5e-07	-1.3328e+09	-1.3328e+09	-4.13978e-06
184	8	8	0	0.00457143	0.00485714	5e-07	-1.4144e+09	-1.4144e+09	-4.31972e-06
185	9	8	0	0.00514286	0.00485714	5e-07	-1.4688e+09	-1.4688e+09	-4.44058e-06
186	10	8	0	0.00571429	0.00485714	5e-07	-1.496e+09	-1.496e+09	-4.50074e-06
187	11	8	0	0.00628571	0.00485714	5e-07	-1.496e+09	-1.496e+09	-4.50074e-06
188	12	8	0	0.00685714	0.00485714	5e-07	-1.4688e+09	-1.4688e+09	-4.44058e-06
189	13	8	0	0.00742857	0.00485714	5e-07	-1.4144e+09	-1.4144e+09	-4.31971e-06
190	14	8	0	0.008	0.00485714	5e-07	-1.3328e+09	-1.3328e+09	-4.13977e-06
191	15	8	0	0.00857143	0.00485714	5e-07	-1.2512e+09	-1.2512e+09	-3.90252e-06
192	16	8	0	0.00914286	0.00485714	5e-07	-1.1152e+09	-1.1152e+09	-3.60593e-06
193	17	8	0	0.00971429	0.00485714	5e-07	-9.792e+08	-9.792e+08	-3.25735e-06
194	18	8	0	0.0102857	0.00485714	5e-07	-7.616e+08	-7.616e+08	-2.85779e-06
195	19	8	0	0.0108571	0.00485714	5e-07	-5.712e+08	-5.712e+08	-2.42236e-06
196	20	8	0	0.0114286	0.00485714	5e-07	-5.44e+07	-5.44e+07	-1.95846e-06
197	21	8	0	0.012	0.00485714	5e-07	0	0	-1.60733e-06
198	0	9	0	0	0.00542857	5e-07	0	0	-8.03594e-07
199	1	9	0	0.000571429	0.00542857	5e-07	6.21725e-06	6.21725e-06	-9.74976e-07
200	2	9	0	0.00114286	0.00542857	5e-07	-2.72e+08	-2.72e+08	-1.20475e-06
201	3	9	0	0.00171429	0.00542857	5e-07	-3.808e+08	-3.808e+08	-1.42041e-06
202	4	9	0	0.00228571	0.00542857	5e-07	-4.624e+08	-4.624e+08	-1.61581e-06
203	5	9	0	0.00285714	0.00542857	5e-07	-5.44e+08	-5.44e+08	-1.78933e-06
204	6	9	0	0.00342857	0.00542857	5e-07	-5.984e+08	-5.984e+08	-1.93582e-06
205	7	9	0	0.004	0.00542857	5e-07	-6.528e+08	-6.528e+08	-2.05489e-06
206	8	9	0	0.00457143	0.00542857	5e-07	-6.8e+08	-6.8e+08	-2.14385e-06
207	9	9	0	0.00514286	0.00542857	5e-07	-7.072e+08	-7.072e+08	-2.20401e-06
208	10	9	0	0.00571429	0.00542857	5e-07	-7.072e+08	-7.072e+08	-2.23278e-06
209	11	9	0	0.00628571	0.00542857	5e-07	-7.072e+08	-7.072e+08	-2.23278e-06
210	12	9	0	0.00685714	0.00542857	5e-07	-7.072e+08	-7.072e+08	-2.20401e-06
211	13	9	0	0.00742857	0.00542857	5e-07	-6.8e+08	-6.8e+08	-2.14384e-06
212	14	9	0	0.008	0.00542857	5e-07	-6.528e+08	-6.528e+08	-2.05488e-06
213	15	9	0	0.00857143	0.00542857	5e-07	-5.984e+08	-5.984e+08	-1.93582e-06
214	16	9	0	0.00914286	0.00542857	5e-07	-5.44e+08	-5.44e+08	-1.78933e-06
215	17	9	0	0.00971429	0.00542857	5e-07	-4.624e+08	-4.624e+08	-1.61582e-06
216	18	9	0	0.0102857	0.00542857	5e-07	-3.808e+08	-3.808e+08	-1.42044e-06
217	19	9	0	0.0108571	0.00542857	5e-07	-2.72e+08	-2.72e+08	-1.20483e-06
218	20	9	0	0.0114286	0.00542857	5e-07	6.21725e-06	6.21725e-06	-9.75104e-07
219	21	9	0	0.012	0.00542857	5e-07	0	0	-8.03681e-07
220	0	10	0	0	0.006	5e-07	0	0	-2.99755e-10
221	1	10	0	0.000571429	0.006	5e-07	-2.72e+07	-2.72e+07	-2.19542e-09
222	2	10	0	0.00114286	0.006	5e-07	0	0	-3.00028e-10
223	3	10	0	0.00171429	0.006	5e-07	0	0	-5.60326e-11
224	4	10	0	0.00228571	0.006	5e-07	0	0	-3.22018e-11
225	5	10	0	0.00285714	0.006	5e-07	0	0	-2.03828e-11
226	6	10	0	0.00342857	0.006	5e-07	0	0	-1.36146e-11
227	7	10	0	0.004	0.006	5e-07	0	0	-9.69317e-12
228	8	10	0	0.00457143	0.006	5e-07	0	0	-7.33328e-12
229	9	10	0	0.00514286	0.006	5e-07	0	0	-5.81033e-12
230	10	10	0	0.00571429	0.006	5e-07	0	0	-4.73482e-12
231	11	10	0	0.00628571	0.006	5e-07	0	0	-3.92648e-12
232	12	10	0	0.00685714	0.006	5e-07	0	0	-3.36633e-12
233	13	10	0	0.00742857	0.006	5e-07	0	0	-3.18448e-12
234	14	10	0	0.008	0.006	5e-07	0	0	-3.70081e-12
235	15	10	0	0.00857143	0.006	5e-07	0	0	-5.62025e-12
236	16	10	0	0.00914286	0.006	5e-07	0	0	-1.07946e-11
237	17	10	0	0.00971429	0.006	5e-07	0	0	-2.55729e-11
238	18	10	0	0.0102857	0.006	5e-07	0	0	-8.09683e-11
239	19	10	0	0.0108571	0.006	5e-07	0	0	-5.63432e-10
240	20	10	0	0.0114286	0.006	5e-07	-2.72e+07	-2.72e+07	-2.88603e-09
241	21	10	0	0.012	0.006	5e-07	0	0	-5.63637e-10
242	0	11	0	0	0.00657143	5e-07	0	0	8.03873e-07
243	1	11	0	0.000571429	0.00657143	5e-07	5.44e+07	5.44e+07	9.78976e-07
244	2	11	0	0.00114286	0.00657143	5e-07	2.72e+08	2.72e+08	1.20503e-06
245	3	11	0	0.00171429	0.00657143	5e-07	3.808e+08	3.808e+08	1.42031e-06
246	4	11	0	0.00228571	0.00657143	5e-07	4.624e+08	4.624e+08	1.61575e-06
247	5	11	0	0.00285714	0.00657143	5e-07	5.44e+08	5.44e+08	1.78929e-06
248	6	11	0	0.00342857	0.00657143	5e-07	5.984e+08	5.984e+08	1.9358e-06
249	7	11	0	0.004	0.00657143	5e-07	6.528e+08	6.528e+08	2.05487e-06
250	8	11	0	0.00457143	0.00657143	5e-07	6.8e+08	6.8e+08	2.14383e-06
251	9	11	0	0.00514286	0.00657143	5e-07	7.072e+08	7.072e+08	2.204e-06
252	10	11	0	0.00571429	0.00657143	5e-07	7.072e+08	7.072e+08	2.23277e-06
253	11	11	0	0.00628571	0.00657143	5e-07	7.072e+08	7.072e+08	2.23277e-06
254	12	11	0	0.00685714	0.00657143	5e-07	7.072e+08	7.072e+08	2.204e-06
255	13	11	0	0.00742857	0.00657143	5e-07	6.8e+08	6.8e+08	2.14384e-06
256	14	11	0	0.008	0.00657143	5e-07	6.528e+08	6.528e+08	2.05487e-06
257	15	11	0	0.00857143	0.00657143	5e-07	5.984e+08	5.984e+08	1.93581e-06
258	16	11	0	0.00914286	0.00657143	5e-07	5.44e+08	5.44e+08	1.78931e-06
259	17	11	0	0.00971429	0.00657143	5e-07	4.624e+08	4.624e+08	1.61578e-06
260	18	11	0	0.0102857	0.00657143	5e-07	3.808e+08	3.808e+08	1.42038e-06
261	19	11	0	0.0108571	0.00657143	5e-07	2.72e+08	2.72e+08	1.20493e-06
262	20	11	0	0.0114286	0.00657143	5e-07	2.72e+07	2.72e+07	9.77041e-07
263	21	11	0	0.012	0.00657143	5e-07	0	0	8.03778e-07
264	0	12	0	0	0.00714286	5e-07	0	0	1.60646e-06
265	1	12	0	0.000571429	0.00714286	5e-07	-6.21725e-06	-6.21725e-06	1.95338e-06
266	2	12	0	0.00114286	0.00714286	5e-07	5.712e+08	5.712e+08	2.4215e-06
267	3	12	0	0.00171429	0.00714286	5e-07	7.616e+08	7.616e+08	2.85766e-06
268	4	12	0	0.00228571	0.00714286	5e-07	9.792e+08	9.792e+08	3.2573e-06
269	5	12	0	0.00285714	0.00714286	5e-07	1.1152e+09	1.1152e+09	3.60591e-06
270	6	12	0	0.00342857	0.00714286	5e-07	1.2512e+09	1.2512e+09	3.90251e-06
271	7	12	0	0.004	0.00714286	5e-07	1.3328e+09	1.3328e+09	4.13976e-06
272	8	12	0	0.00457143	0.00714286	5e-07	1.4144e+09	1.4144e+09	4.31971e-06
273	9	12	0	0.00514286	0.00714286	5e-07	1.4688e+09	1.4688e+09	4.44057e-06
274	10	12	0	0.00571429	0.00714286	5e-07	1.496e+09	1.496e+09	4.50074e-06
275	11	12	0	0.00628571	0.00714286	5e-07	1.496e+09	1.496e+09	4.50074e-06
276	12	12	0	0.00685714	0.00714286	5e-07	1.4688e+09	1.4688e+09	4.44057e-06
277	13	12	0	0.00742857	0.00714286	5e-07	1.4144e+09	1.4144e+09	4.31971e-06
278	14	12	0	0.008	0.00714286	5e-07	1.3328e+09	1.3328e+09	4.13977e-06
279	15	12	0	0.00857143	0.00714286	5e-07	1.2512e+09	1.2512e+09	3.90252e-06
280	16	12	0	0.00914286	0.00714286	5e-07	1.1152e+09	1.1152e+09	3.60593e-06
281	17	12	0	0.00971429	0.00714286	5e-07	9.792e+08	9.792e+08	3.25735e-06
282	18	12	0	0.0102857	0.00714286	5e-07	7.616e+08	7.616e+08	2.85782e-06
283	19	12	0	0.0108571	0.00714286	5e-07	5.712e+08	5.712e+08	2.42263e-06
284	20	12	0	0.0114286	0.00714286	5e-07	5.44e+07	5.44e+07	1.95915e-06
285	21	12	0	0.012	0.00714286	5e-07	0	0	1.60759e-06
286	0	13	0	0	0.00771429	5e-07	0	0	2.41026e-06
287	1	13	0	0.000571429	0.00771429	5e-07	8.16e+07	8.16e+07	2.94907e-06
288	2	13	0	0.00114286	0.00771429	5e-07	8.704e+08	8.704e+08	3.66292e-06
289	3	13	0	0.00171429	0.00771429	5e-07	1.224e+09	1.224e+09	4.33607e-06
290	4	13	0	0.00228571	0.00771429	5e-07	1.5232e+09	1.5232e+09	4.94468e-06
291	5	13	0	0.00285714	0.00771429	5e-07	1.768e+09	1.768e+09	5.47768e-06
292	6	13	0	0.00342857	0.00771429	5e-07	1.9584e+09	1.9584e+09	5.92563e-06
293	7	13	0	0.004	0.00771429	5e-07	2.1216e+09	2.1216e+09	6.28634e-06
294	8	13	0	0.00457143	0.00771429	5e-07	2.2032e+09	2.2032e+09	6.55362e-06
295	9	13	0	0.00514286	0.00771429	5e-07	2.2848e+09	2.2848e+09	6.73356e-06
296	10	13	0	0.00571429	0.00771429	5e-07	2.312e+09	2.312e+09	6.82252e-06
297	11	13	0	0.00628571	0.00771429	5e-07	2.312e+09	2.312e+09	6.82252e-06
298	12	13	0	0.00685714	0.00771429	5e-07	2.2848e+09	2.2848e+09	6.73356e-06
299	13	13	0	0.00742857	0.00771429	5e-07	2.2032e+09	2.2032e+09	6.55362e-06
300	14	13	0	0.008	0.00771429	5e-07	2.1216e+09	2.1216e+09	6.28634e-06
301	15	13	0	0.00857143	0.00771429	5e-07	1.9584e+09	1.9584e+09	5.92564e-06
302	16	13	0	0.00914286	0.00771429	5e-07	1.768e+09	1.768e+09	5.47769e-06
303	17	13	0	0.00971429	0.00771429	5e-07	1.5232e+09	1.5232e+09	4.94472e-06
304	18	13	0	0.0102857	0.00771429	5e-07	1.224e+09	1.224e+09	4.33613e-06
305	19	13	0	0.0108571	0.00771429	5e-07	8.704e+08	8.704e+08	3.66282e-06
306	20	13	0	0.0114286	0.00771429	5e-07	5.44e+07	5.44e+07	2.94713e-06
307	21	13	0	0.012	0.00771429	5e-07	0	0	2.41016e-06
308	0	14	0	0	0.00828571	5e-07	0	0	3.21262e-06
309	1	14	0	0.000571429	0.00828571	5e-07	1.088e+08	1.088e+08	3.95683e-06
310	2	14	0	0.00114286	0.00828571	5e-07	1.2784e+09	1.2784e+09	4.95077e-06
311	3	14	0	0.00171429	0.00828571	5e-07	1.7408e+09	1.7408e+09	5.87651e-06
312	4	14	0	0.00228571	0.00828571	5e-07	2.176e+09	2.176e+09	6.70962e-06
313	5	14	0	0.00285714	0.00828571	5e-07	2.5296e+09	2.5296e+09	7.43346e-06
314	6	14	0	0.00342857	0.00828571	5e-07	2.7744e+09	2.7744e+09	8.03551e-06
315	7	14	0	0.004	0.00828571	5e-07	2.992e+09	2.992e+09	8.51849e-06
316	8	14	0	0.00457143	0.00828571	5e-07	3.1552e+09	3.1552e+09	8.87919e-06
317	9	14	0	0.00514286	0.00828571	5e-07	3.2368e+09	3.2368e+09	9.11644e-06
318	10	14	0	0.00571429	0.00828571	5e-07	3.2912e+09	3.2912e+09	9.2355e-06
319	11	14	0	0.00628571	0.00828571	5e-07	3.2912e+09	3.2912e+09	9.2355e-06
320	12	14	0	0.00685714	0.00828571	5e-07	3.2368e+09	3.2368e+09	9.11644e-06
321	13	14	0	0.00742857	0.00828571	5e-07	3.1552e+09	3.1552e+09	8.87919e-06
322	14	14	0	0.008	0.00828571	5e-07	2.992e+09	2.992e+09	8.51849e-06
323	15	14	0	0.00857143	0.00828571	5e-07	2.7744e+09	2.7744e+09	8.03551e-06
324	16	14	0	0.00914286	0.00828571	5e-07	2.5296e+09	2.5296e+09	7.43346e-06
325	17	14	0	0.00971429	0.00828571	5e-07	2.176e+09	2.176e+09	6.70962e-06
326	18	14	0	0.0102857	0.00828571	5e-07	1.7408e+09	1.7408e+09	5.87648e-06
327	19	14	0	0.0108571	0.00828571	5e-07	1.2784e+09	1.2784e+09	4.9505e-06
328	20	14	0	0.0114286	0.00828571	5e-07	1.088e+08	1.088e+08	3.95614e-06
329	21	14	0	0.012	0.00828571	5e-07	0	0	3.21236e-06
330	0	15	0	0	0.00885714	5e-07	0	0	4.01349e-06
331	1	15	0	0.000571429	0.00885714	5e-07	1.36e+08	1.36e+08	4.98951e-06
332	2	15	0	0.00114286	0.00885714	5e-07	1.768e+09	1.768e+09	6.3032e-06
333	3	15	0	0.00171429	0.00885714	5e-07	2.448e+09	2.448e+09	7.51504e-06
334	4	15	0	0.00228571	0.00885714	5e-07	3.0464e+09	3.0464e+09	8.58987e-06
335	5	15	0	0.00285714	0.00885714	5e-07	3.4544e+09	3.4544e+09	9.50775e-06
336	6	15	0	0.00342857	0.00885714	5e-07	3.8352e+09	3.8352e+09	1.02714e-05
337	7	15	0	0.004	0.00885714	5e-07	4.08e+09	4.08e+09	1.08735e-05
338	8	15	0	0.00457143	0.00885714	5e-07	4.2704e+09	4.2704e+09	1.13214e-05
339	9	15	0	0.00514286	0.00885714	5e-07	4.4064e+09	4.4064e+09	1.1618e-05
340	10	15	0	0.00571429	0.00885714	5e-07	4.4608e+09	4.4608e+09	1.17645e-05
341	11	15	0	0.00628571	0.00885714	5e-07	4.4608e+09	4.4608e+09	1.17645e-05
342	12	15	0	0.00685714	0.00885714	5e-07	4.4064e+09	4.4064e+09	1.1618e-05
343	13	15	0	0.00742857	0.00885714	5e-07	4.2704e+09	4.2704e+09	1.13214e-05
344	14	15	0	0.008	0.00885714	5e-07	4.08e+09	4.08e+09	1.08735e-05
345	15	15	0	0.00857143	0.00885714	5e-07	3.8352e+09	3.8352e+09	1.02714e-05
346	16	15	0	0.00914286	0.00885714	5e-07	3.4544e+09	3.4544e+09	9.50774e-06
347	17	15	0	0.00971429	0.00885714	5e-07	3.0464e+09	3.0464e+09	8.58986e-06
348	18	15	0	0.0102857	0.00885714	5e-07	2.448e+09	2.448e+09	7.515e-06
349	19	15	0	0.0108571	0.00885714	5e-07	1.768e+09	1.768e+09	6.30311e-06
350	20	15	0	0.0114286	0.00885714	5e-07	1.36e+08	1.36e+08	4.98938e-06
351	21	15	0	0.012	0.00885714	5e-07	0	0	4.0134e-06
352	0	16	0	0	0.00942857	5e-07	0	0	4.81426e-06
353	1	16	0	0.000571429	0.00942857	5e-07	3.264e+08	3.264e+08	6.07558e-06
354	2	16	0	0.00114286	0.00942857	5e-07	2.4752e+09	2.4752e+09	7.7591e-06
355	3	16	0	0.00171429	0.00942857	5e-07	3.3456e+09	3.3456e+09	9.28298e-06
356	4	16	0	0.00228571	0.00942857	5e-07	4.1344e+09	4.1344e+09	1.0616e-05
357	5	16	0	0.00285714	0.00942857	5e-07	4.7328e+09	4.7328e+09	1.1744e-05
358	6	16	0	0.00342857	0.00942857	5e-07	5.1408e+09	5.1408e+09	1.26619e-05
359	7	16	0	0.004	0.00942857	5e-07	5.4944e+09	5.4944e+09	1.33858e-05
360	8	16	0	0.00457143	0.00942857	5e-07	5.7392e+09	5.7392e+09	1.39188e-05
361	9	16	0	0.00514286	0.00942857	5e-07	5.8752e+09	5.8752e+09	1.42673e-05
362	10	16	0	0.00571429	0.00942857	5e-07	5.9568e+09	5.9568e+09	1.44408e-05
363	11	16	0	0.00628571	0.00942857	5e-07	5.9568e+09	5.9568e+09	1.44408e-05
364	12	16	0	0.00685714	0.00942857	5e-07	5.8752e+09	5.8752e+09	1.42673e-05
365	13	16	0	0.00742857	0.00942857	5e-07	5.7392e+09	5.7392e+09	1.39187e-05
366	14	16	0	0.008	0.00942857	5e-07	5.4944e+09	5.4944e+09	1.33858e-05
367	15	16	0	0.00857143	0.00942857	5e-07	5.1408e+09	5.1408e+09	1.26619e-05
368	16	16	0	0.00914286	0.00942857	5e-07	4.7328e+09	4.7328e+09	1.1744e-05
369	17	16	0	0.00971429	0.00942857	5e-07	4.1344e+09	4.1344e+09	1.0616e-05
370	18	16	0	0.0102857	0.00942857	5e-07	3.3456e+09	3.3456e+09	9.28296e-06
371	19	16	0	0.0108571	0.00942857	5e-07	2.4752e+09	2.4752e+09	7.75906e-06
372	20	16	0	0.0114286	0.00942857	5e-07	3.264e+08	3.264e+08	6.07553e-06
373	21	16	0	0.012	0.00942857	5e-07	0	0	4.81421e-06
374	0	17	0	0	0.01	5e-07	0	0	5.61939e-06
375	1	17	0	0.000571429	0.01	5e-07	4.08e+08	4.08e+08	7.24535e-06
376	2	17	0	0.00114286	0.01	5e-07	3.5088e+09	3.5088e+09	9.38172e-06
377	3	17	0	0.00171429	0.01	5e-07	4.7056e+09	4.7056e+09	1.12507e-05
378	4	17	0	0.00228571	0.01	5e-07	5.7392e+09	5.7392e+09	1.2849e-05
379	5	17	0	0.00285714	0.01	5e-07	6.528e+09	6.528e+09	1.4182e-05
380	6	17	0	0.00342857	0.01	5e-07	7.1264e+09	7.1264e+09	1.52569e-05
381	7	17	0	0.004	0.01	5e-07	7.5616e+09	7.5616e+09	1.609e-05
382	8	17	0	0.00457143	0.01	5e-07	7.8608e+09	7.8608e+09	1.66986e-05
383	9	17	0	0.00514286	0.01	5e-07	8.0784e+09	8.0784e+09	1.70982e-05
384	10	17	0	0.00571429	0.01	5e-07	8.16e+09	8.16e+09	1.72936e-05
385	11	17	0	0.00628571	0.01	5e-07	8.16e+09	8.16e+09	1.72935e-05
386	12	17	0	0.00685714	0.01	5e-07	8.0784e+09	8.0784e+09	1.70981e-05
387	13	17	0	0.00742857	0.01	5e-07	7.8608e+09	7.8608e+09	1.66986e-05
388	14	17	0	0.008	0.01	5e-07	7.5616e+09	7.5616e+09	1.609e-05
389	15	17	0	0.00857143	0.01	5e-07	7.1264e+09	7.1264e+09	1.52569e-05
390	16	17	0	0.00914286	0.01	5e-07	6.528e+09	6.528e+09	1.4182e-05
391	17	17	0	0.00971429	0.01	5e-07	5.7392e+09	5.7392e+09	1.2849e-05
392	18	17	0	0.0102857	0.01	5e-07	4.7056e+09	4.7056e+09	1.12507e-05
393	19	17	0	0.0108571	0.01	5e-07	3.5088e+09	3.5088e+09	9.3817e-06
394	20	17	0	0.0114286	0.01	5e-07	4.08e+08	4.08e+08	7.24532e-06
395	21	17	0	0.012	0.01	5e-07	0	0	5.61937e-06
396	0	18	0	0	0.0105714	5e-07	0	0	6.4361e-06
397	1	18	0	0.000571429	0.0105714	5e-07	2.312e+09	2.312e+09	8.69345e-06
398	2	18	0	0.00114286	0.0105714	5e-07	5.6848e+09	5.6848e+09	1.12653e-05
399	3	18	0	0.00171429	0.0105714	5e-07	7.208e+09	7.208e+09	1.34853e-05
400	4	18	0	0.00228571	0.0105714	5e-07	8.4048e+09	8.4048e+09	1.53543e-05
401	5	18	0	0.00285714	0.0105714	5e-07	9.2752e+09	9.2752e+09	1.68782e-05
402	6	18	0	0.00342857	0.0105714	5e-07	9.9552e+09	9.9552e+09	1.80901e-05
403	7	18	0	0.004	0.0105714	5e-07	1.04176e+10	1.04176e+10	1.90161e-05
404	8	18	0	0.00457143	0.0105714	5e-07	1.07712e+10	1.07712e+10	1.96894e-05
405	9	18	0	0.00514286	0.0105714	5e-07	1.09616e+10	1.09616e+10	2.01248e-05
406	10	18	0	0.00571429	0.0105714	5e-07	1.10704e+10	1.10704e+10	2.03404e-05
407	11	18	0	0.00628571	0.0105714	5e-07	1.10704e+10	1.10704e+10	2.034e-05
408	12	18	0	0.00685714	0.0105714	5e-07	1.09616e+10	1.09616e+10	2.01245e-05
409	13	18	0	0.00742857	0.0105714	5e-07	1.07712e+10	1.07712e+10	1.96893e-05
410	14	18	0	0.008	0.0105714	5e-07	1.04176e+10	1.04176e+10	1.9016e-05
411	15	18	0	0.00857143	0.0105714	5e-07	9.9552e+09	9.9552e+09	1.809e-05
412	16	18	0	0.00914286	0.0105714	5e-07	9.2752e+09	9.2752e+09	1.68782e-05
413	17	18	0	0.00971429	0.0105714	5e-07	8.4048e+09	8.4048e+09	1.53543e-05
414	18	18	0	0.0102857	0.0105714	5e-07	7.208e+09	7.208e+09	1.34853e-05
415	19	18	0	0.0108571	0.0105714	5e-07	5.6848e+09	5.6848e+09	1.12653e-05
416	20	18	0	0.0114286	0.0105714	5e-07	2.312e+09	2.312e+09	8.69343e-06
417	21	18	0	0.012	0.0105714	5e-07	0	0	6.43608e-06
418	0	19	0	0	0.0111429	5e-07	0	0	7.22624e-06
419	1	19	0	0.000571429	0.0111429	5e-07	4.4064e+09	4.4064e+09	1.04962e-05
420	2	19	0	0.00114286	0.0111429	5e-07	7.1536e+09	7.1536e+09	1.3498e-05
421	3	19	0	0.00171429	0.0111429	5e-07	1.05264e+10	1.05264e+10	1.60698e-05
422	4	19	0	0.00228571	0.0111429	5e-07	1.36272e+10	1.36272e+10	1.82062e-05
423	5	19	0	0.00285714	0.0111429	5e-07	1.5776e+10	1.5776e+10	1.98898e-05
424	6	19	0	0.00342857	0.0111429	5e-07	1.7408e+10	1.7408e+10	2.12035e-05
425	7	19	0	0.004	0.0111429	5e-07	1.85776e+10	1.85776e+10	2.21979e-05
426	8	19	0	0.00457143	0.0111429	5e-07	1.93936e+10	1.93936e+10	2.29136e-05
427	9	19	0	0.00514286	0.0111429	5e-07	1.99104e+10	1.99104e+10	2.33775e-05
428	10	19	0	0.00571429	0.0111429	5e-07	2.01824e+10	2.01824e+10	2.36072e-05
429	11	19	0	0.00628571	0.0111429	5e-07	2.01552e+10	2.01552e+10	2.36049e-05
430	12	19	0	0.00685714	0.0111429	5e-07	1.99104e+10	1.99104e+10	2.3377e-05
431	13	19	0	0.00742857	0.0111429	5e-07	1.93936e+10	1.93936e+10	2.29135e-05
432	14	19	0	0.008	0.0111429	5e-07	1.85776e+10	1.85776e+10	2.21978e-05
433	15	19	0	0.00857143	0.0111429	5e-07	1.7408e+10	1.7408e+10	2.12035e-05
434	16	19	0	0.00914286	0.0111429	5e-07	1.5776e+10	1.5776e+10	1.98897e-05
435	17	19	0	0.00971429	0.0111429	5e-07	1.36272e+10	1.36272e+10	1.82062e-05
436	18	19	0	0.0102857	0.0111429	5e-07	1.05264e+10	1.05264e+10	1.60698e-05
437	19	19	0	0.0108571	0.0111429	5e-07	7.1536e+09	7.1536e+09	1.3498e-05
438	20	19	0	0.0114286	0.0111429	5e-07	4.4064e+09	4.4064e+09	1.04961e-05
439	21	19	0	0.012	0.0111429	5e-07	0	0	7.22623e-06
440	0	20	0	0	0.0117143	5e-07	0	0	7.62157e-06
441	1	20	0	0.000571429	0.0117143	5e-07	2.34192e+10	2.34192e+10	1.27277e-05
442	2	20	0	0.00114286	0.0117143	5e-07	2.78256e+10	2.78256e+10	1.59977e-05
443	3	20	0	0.00171429	0.0117143	5e-07	3.01376e+10	3.01376e+10	1.8255e-05
444	4	20	0	0.00228571	0.0117143	5e-07	3.05456e+10	3.05456e+10	1.9881e-05
445	5	20	0	0.00285714	0.0117143	5e-07	3.0872e+10	3.0872e+10	2.11423e-05
446	6	20	0	0.00342857	0.0117143	5e-07	3.1008e+10	3.1008e+10	2.21183e-05
447	7	20	0	0.004	0.0117143	5e-07	3.11168e+10	3.11168e+10	2.2862e-05
448	8	20	0	0.00457143	0.0117143	5e-07	3.11712e+10	3.11712e+10	2.3399e-05
449	9	20	0	0.00514286	0.0117143	5e-07	3.12256e+10	3.12256e+10	2.37501e-05
450	10	20	0	0.00571429	0.0117143	5e-07	3.12256e+10	3.12256e+10	2.39215e-05
451	11	20	0	0.00628571	0.0117143	5e-07	3.12528e+10	3.12528e+10	2.39238e-05
452	12	20	0	0.00685714	0.0117143	5e-07	3.12256e+10	3.12256e+10	2.37506e-05
453	13	20	0	0.00742857	0.0117143	5e-07	3.11712e+10	3.11712e+10	2.3399e-05
454	14	20	0	0.008	0.0117143	5e-07	3.11168e+10	3.11168e+10	2.2862e-05
455	15	20	0	0.00857143	0.0117143	5e-07	3.1008e+10	3.1008e+10	2.21183e-05
456	16	20	0	0.00914286	0.0117143	5e-07	3.0872e+10	3.0872e+10	2.11423e-05
457	17	20	0	0.00971429	0.0117143	5e-07	3.05456e+10	3.05456e+10	1.9881e-05
458	18	20	0	0.0102857	0.0117143	5e-07	3.01376e+10	3.01376e+10	1.8255e-05
459	19	20	0	0.0108571	0.0117143	5e-07	2.78256e+10	2.78256e+10	1.59977e-05
460	20	20	0	0.0114286	0.0117143	5e-07	2.34192e+10	2.34192e+10	1.27277e-05
461	21	20	0	0.012	0.0117143	5e-07	0	0	7.62157e-06
