#1	2	3 4 5    6    7    8 9	10		 11  12   13
#n i j k X[0] X[1] X[2] J dJ av_dAa Aa0 snAy us
#step: 0
0	0	0	0	0.000285714	0	5e-07	0	0	-4.46956e-05	0
1	1	0	0	0.000857143	0	5e-07	0	0	-4.0226e-05	0
2	2	0	0	0.00142857	0	5e-07	0	0	-3.57564e-05	0
3	3	0	0	0.002	0	5e-07	0	0	-3.12869e-05	0
4	4	0	0	0.00257143	0	5e-07	0	0	-2.68173e-05	0
5	5	0	0	0.00314286	0	5e-07	0	0	-2.23478e-05	0
6	6	0	0	0.00371429	0	5e-07	0	0	-1.78782e-05	0
7	7	0	0	0.00428571	0	5e-07	0	0	-1.34087e-05	0
8	8	0	0	0.00485714	0	5e-07	0	0	-8.93911e-06	0
9	9	0	0	0.00542857	0	5e-07	0	0	-4.46956e-06	0
10	10	0	0	0.006	0	5e-07	0	0	6.78426e-21	0
11	11	0	0	0.00657143	0	5e-07	0	0	4.46956e-06	0
12	12	0	0	0.00714286	0	5e-07	0	0	8.93911e-06	0
13	13	0	0	0.00771429	0	5e-07	0	0	1.34087e-05	0
14	14	0	0	0.00828571	0	5e-07	0	0	1.78782e-05	0
15	15	0	0	0.00885714	0	5e-07	0	0	2.23478e-05	0
16	16	0	0	0.00942857	0	5e-07	0	0	2.68173e-05	0
17	17	0	0	0.01	0	5e-07	0	0	3.12869e-05	0
18	18	0	0	0.0105714	0	5e-07	0	0	3.57564e-05	0
19	19	0	0	0.0111429	0	5e-07	0	0	4.0226e-05	0
20	20	0	0	0.0117143	0	5e-07	0	0	4.46956e-05	0
21	0	1	0	0.000285714	0.000571429	5e-07	2.34192e+10	2.34192e+10	-4.46956e-05	0
22	1	1	0	0.000857143	0.000571429	5e-07	4.4064e+09	4.4064e+09	-4.0226e-05	0
23	2	1	0	0.00142857	0.000571429	5e-07	2.312e+09	2.312e+09	-3.57564e-05	0
24	3	1	0	0.002	0.000571429	5e-07	4.08e+08	4.08e+08	-3.12869e-05	0
25	4	1	0	0.00257143	0.000571429	5e-07	3.264e+08	3.264e+08	-2.68173e-05	0
26	5	1	0	0.00314286	0.000571429	5e-07	1.36e+08	1.36e+08	-2.23478e-05	0
27	6	1	0	0.00371429	0.000571429	5e-07	1.088e+08	1.088e+08	-1.78782e-05	0
28	7	1	0	0.00428571	0.000571429	5e-07	5.44e+07	5.44e+07	-1.34087e-05	0
29	8	1	0	0.00485714	0.000571429	5e-07	5.44e+07	5.44e+07	-8.93911e-06	0
30	9	1	0	0.00542857	0.000571429	5e-07	-6.21725e-06	-6.21725e-06	-4.46956e-06	0
31	10	1	0	0.006	0.000571429	5e-07	2.72e+07	2.72e+07	6.78426e-21	0
32	11	1	0	0.00657143	0.000571429	5e-07	-5.44e+07	-5.44e+07	4.46956e-06	0
33	12	1	0	0.00714286	0.000571429	5e-07	6.21725e-06	6.21725e-06	8.93911e-06	0
34	13	1	0	0.00771429	0.000571429	5e-07	-8.16e+07	-8.16e+07	1.34087e-05	0
35	14	1	0	0.00828571	0.000571429	5e-07	-1.088e+08	-1.088e+08	1.78782e-05	0
36	15	1	0	0.00885714	0.000571429	5e-07	-1.36e+08	-1.36e+08	2.23478e-05	0
37	16	1	0	0.00942857	0.000571429	5e-07	-3.264e+08	-3.264e+08	2.68173e-05	0
38	17	1	0	0.01	0.000571429	5e-07	-4.08e+08	-4.08e+08	3.12869e-05	0
39	18	1	0	0.0105714	0.000571429	5e-07	-2.312e+09	-2.312e+09	3.57564e-05	0
40	19	1	0	0.0111429	0.000571429	5e-07	-4.4064e+09	-4.4064e+09	4.0226e-05	0
41	20	1	0	0.0117143	0.000571429	5e-07	-2.34192e+10	-2.34192e+10	4.46956e-05	0
42	0	2	0	0.000285714	0.00114286	5e-07	2.78256e+10	2.78256e+10	-4.46956e-05	0
43	1	2	0	0.000857143	0.00114286	5e-07	7.1536e+09	7.1536e+09	-4.0226e-05	0
44	2	2	0	0.00142857	0.00114286	5e-07	5.6848e+09	5.6848e+09	-3.57564e-05	0
45	3	2	0	0.002	0.00114286	5e-07	3.5088e+09	3.5088e+09	-3.12869e-05	0
46	4	2	0	0.00257143	0.00114286	5e-07	2.4752e+09	2.4752e+09	-2.68173e-05	0
47	5	2	0	0.00314286	0.00114286	5e-07	1.768e+09	1.768e+09	-2.23478e-05	0
48	6	2	0	0.00371429	0.00114286	5e-07	1.2784e+09	1.2784e+09	-1.78782e-05	0
49	7	2	0	0.00428571	0.00114286	5e-07	8.704e+08	8.704e+08	-1.34087e-05	0
50	8	2	0	0.00485714	0.00114286	5e-07	5.712e+08	5.712e+08	-8.93911e-06	0
51	9	2	0	0.00542857	0.00114286	5e-07	2.72e+08	2.72e+08	-4.46956e-06	0
52	10	2	0	0.006	0.00114286	5e-07	0	0	6.78426e-21	0
53	11	2	0	0.00657143	0.00114286	5e-07	-2.72e+08	-2.72e+08	4.46956e-06	0
54	12	2	0	0.00714286	0.00114286	5e-07	-5.712e+08	-5.712e+08	8.93911e-06	0
55	13	2	0	0.00771429	0.00114286	5e-07	-8.704e+08	-8.704e+08	1.34087e-05	0
56	14	2	0	0.00828571	0.00114286	5e-07	-1.2784e+09	-1.2784e+09	1.78782e-05	0
57	15	2	0	0.00885714	0.00114286	5e-07	-1.768e+09	-1.768e+09	2.23478e-05	0
58	16	2	0	0.00942857	0.00114286	5e-07	-2.4752e+09	-2.4752e+09	2.68173e-05	0
59	17	2	0	0.01	0.00114286	5e-07	-3.5088e+09	-3.5088e+09	3.12869e-05	0
60	18	2	0	0.0105714	0.00114286	5e-07	-5.6848e+09	-5.6848e+09	3.57564e-05	0
61	19	2	0	0.0111429	0.00114286	5e-07	-7.1536e+09	-7.1536e+09	4.0226e-05	0
62	20	2	0	0.0117143	0.00114286	5e-07	-2.78256e+10	-2.78256e+10	4.46956e-05	0
63	0	3	0	0.000285714	0.00171429	5e-07	3.01376e+10	3.01376e+10	-4.46956e-05	0
64	1	3	0	0.000857143	0.00171429	5e-07	1.05264e+10	1.05264e+10	-4.0226e-05	0
65	2	3	0	0.00142857	0.00171429	5e-07	7.208e+09	7.208e+09	-3.57564e-05	0
66	3	3	0	0.002	0.00171429	5e-07	4.7056e+09	4.7056e+09	-3.12869e-05	0
67	4	3	0	0.00257143	0.00171429	5e-07	3.3456e+09	3.3456e+09	-2.68173e-05	0
68	5	3	0	0.00314286	0.00171429	5e-07	2.448e+09	2.448e+09	-2.23478e-05	0
69	6	3	0	0.00371429	0.00171429	5e-07	1.7408e+09	1.7408e+09	-1.78782e-05	0
70	7	3	0	0.00428571	0.00171429	5e-07	1.224e+09	1.224e+09	-1.34087e-05	0
71	8	3	0	0.00485714	0.00171429	5e-07	7.616e+08	7.616e+08	-8.93911e-06	0
72	9	3	0	0.00542857	0.00171429	5e-07	3.808e+08	3.808e+08	-4.46956e-06	0
73	10	3	0	0.006	0.00171429	5e-07	0	0	6.78426e-21	0
74	11	3	0	0.00657143	0.00171429	5e-07	-3.808e+08	-3.808e+08	4.46956e-06	0
75	12	3	0	0.00714286	0.00171429	5e-07	-7.616e+08	-7.616e+08	8.93911e-06	0
76	13	3	0	0.00771429	0.00171429	5e-07	-1.224e+09	-1.224e+09	1.34087e-05	0
77	14	3	0	0.00828571	0.00171429	5e-07	-1.7408e+09	-1.7408e+09	1.78782e-05	0
78	15	3	0	0.00885714	0.00171429	5e-07	-2.448e+09	-2.448e+09	2.23478e-05	0
79	16	3	0	0.00942857	0.00171429	5e-07	-3.3456e+09	-3.3456e+09	2.68173e-05	0
80	17	3	0	0.01	0.00171429	5e-07	-4.7056e+09	-4.7056e+09	3.12869e-05	0
81	18	3	0	0.0105714	0.00171429	5e-07	-7.208e+09	-7.208e+09	3.57564e-05	0
82	19	3	0	0.0111429	0.00171429	5e-07	-1.05264e+10	-1.05264e+10	4.0226e-05	0
83	20	3	0	0.0117143	0.00171429	5e-07	-3.01376e+10	-3.01376e+10	4.46956e-05	0
84	0	4	0	0.000285714	0.00228571	5e-07	3.05456e+10	3.05456e+10	-4.46956e-05	0
85	1	4	0	0.000857143	0.00228571	5e-07	1.36272e+10	1.36272e+10	-4.0226e-05	0
86	2	4	0	0.00142857	0.00228571	5e-07	8.4048e+09	8.4048e+09	-3.57564e-05	0
87	3	4	0	0.002	0.00228571	5e-07	5.7392e+09	5.7392e+09	-3.12869e-05	0
88	4	4	0	0.00257143	0.00228571	5e-07	4.1344e+09	4.1344e+09	-2.68173e-05	0
89	5	4	0	0.00314286	0.00228571	5e-07	3.0464e+09	3.0464e+09	-2.23478e-05	0
90	6	4	0	0.00371429	0.00228571	5e-07	2.176e+09	2.176e+09	-1.78782e-05	0
91	7	4	0	0.00428571	0.00228571	5e-07	1.5232e+09	1.5232e+09	-1.34087e-05	0
92	8	4	0	0.00485714	0.00228571	5e-07	9.792e+08	9.792e+08	-8.93911e-06	0
93	9	4	0	0.00542857	0.00228571	5e-07	4.624e+08	4.624e+08	-4.46956e-06	0
94	10	4	0	0.006	0.00228571	5e-07	0	0	6.78426e-21	0
95	11	4	0	0.00657143	0.00228571	5e-07	-4.624e+08	-4.624e+08	4.46956e-06	0
96	12	4	0	0.00714286	0.00228571	5e-07	-9.792e+08	-9.792e+08	8.93911e-06	0
97	13	4	0	0.00771429	0.00228571	5e-07	-1.5232e+09	-1.5232e+09	1.34087e-05	0
98	14	4	0	0.00828571	0.00228571	5e-07	-2.176e+09	-2.176e+09	1.78782e-05	0
99	15	4	0	0.00885714	0.00228571	5e-07	-3.0464e+09	-3.0464e+09	2.23478e-05	0
100	16	4	0	0.00942857	0.00228571	5e-07	-4.1344e+09	-4.1344e+09	2.68173e-05	0
101	17	4	0	0.01	0.00228571	5e-07	-5.7392e+09	-5.7392e+09	3.12869e-05	0
102	18	4	0	0.0105714	0.00228571	5e-07	-8.4048e+09	-8.4048e+09	3.57564e-05	0
103	19	4	0	0.0111429	0.00228571	5e-07	-1.36272e+10	-1.36272e+10	4.0226e-05	0
104	20	4	0	0.0117143	0.00228571	5e-07	-3.05456e+10	-3.05456e+10	4.46956e-05	0
105	0	5	0	0.000285714	0.00285714	5e-07	3.0872e+10	3.0872e+10	-4.46956e-05	0
106	1	5	0	0.000857143	0.00285714	5e-07	1.5776e+10	1.5776e+10	-4.0226e-05	0
107	2	5	0	0.00142857	0.00285714	5e-07	9.2752e+09	9.2752e+09	-3.57564e-05	0
108	3	5	0	0.002	0.00285714	5e-07	6.528e+09	6.528e+09	-3.12869e-05	0
109	4	5	0	0.00257143	0.00285714	5e-07	4.7328e+09	4.7328e+09	-2.68173e-05	0
110	5	5	0	0.00314286	0.00285714	5e-07	3.4544e+09	3.4544e+09	-2.23478e-05	0
111	6	5	0	0.00371429	0.00285714	5e-07	2.5296e+09	2.5296e+09	-1.78782e-05	0
112	7	5	0	0.00428571	0.00285714	5e-07	1.768e+09	1.768e+09	-1.34087e-05	0
113	8	5	0	0.00485714	0.00285714	5e-07	1.1152e+09	1.1152e+09	-8.93911e-06	0
114	9	5	0	0.00542857	0.00285714	5e-07	5.44e+08	5.44e+08	-4.46956e-06	0
115	10	5	0	0.006	0.00285714	5e-07	0	0	6.78426e-21	0
116	11	5	0	0.00657143	0.00285714	5e-07	-5.44e+08	-5.44e+08	4.46956e-06	0
117	12	5	0	0.00714286	0.00285714	5e-07	-1.1152e+09	-1.1152e+09	8.93911e-06	0
118	13	5	0	0.00771429	0.00285714	5e-07	-1.768e+09	-1.768e+09	1.34087e-05	0
119	14	5	0	0.00828571	0.00285714	5e-07	-2.5296e+09	-2.5296e+09	1.78782e-05	0
120	15	5	0	0.00885714	0.00285714	5e-07	-3.4544e+09	-3.4544e+09	2.23478e-05	0
121	16	5	0	0.00942857	0.00285714	5e-07	-4.7328e+09	-4.7328e+09	2.68173e-05	0
122	17	5	0	0.01	0.00285714	5e-07	-6.528e+09	-6.528e+09	3.12869e-05	0
123	18	5	0	0.0105714	0.00285714	5e-07	-9.2752e+09	-9.2752e+09	3.57564e-05	0
124	19	5	0	0.0111429	0.00285714	5e-07	-1.5776e+10	-1.5776e+10	4.0226e-05	0
125	20	5	0	0.0117143	0.00285714	5e-07	-3.0872e+10	-3.0872e+10	4.46956e-05	0
126	0	6	0	0.000285714	0.00342857	5e-07	3.1008e+10	3.1008e+10	-4.46956e-05	0
127	1	6	0	0.000857143	0.00342857	5e-07	1.7408e+10	1.7408e+10	-4.0226e-05	0
128	2	6	0	0.00142857	0.00342857	5e-07	9.9552e+09	9.9552e+09	-3.57564e-05	0
129	3	6	0	0.002	0.00342857	5e-07	7.1264e+09	7.1264e+09	-3.12869e-05	0
130	4	6	0	0.00257143	0.00342857	5e-07	5.1408e+09	5.1408e+09	-2.68173e-05	0
131	5	6	0	0.00314286	0.00342857	5e-07	3.8352e+09	3.8352e+09	-2.23478e-05	0
132	6	6	0	0.00371429	0.00342857	5e-07	2.7744e+09	2.7744e+09	-1.78782e-05	0
133	7	6	0	0.00428571	0.00342857	5e-07	1.9584e+09	1.9584e+09	-1.34087e-05	0
134	8	6	0	0.00485714	0.00342857	5e-07	1.2512e+09	1.2512e+09	-8.93911e-06	0
135	9	6	0	0.00542857	0.00342857	5e-07	5.984e+08	5.984e+08	-4.46956e-06	0
136	10	6	0	0.006	0.00342857	5e-07	0	0	6.78426e-21	0
137	11	6	0	0.00657143	0.00342857	5e-07	-5.984e+08	-5.984e+08	4.46956e-06	0
138	12	6	0	0.00714286	0.00342857	5e-07	-1.2512e+09	-1.2512e+09	8.93911e-06	0
139	13	6	0	0.00771429	0.00342857	5e-07	-1.9584e+09	-1.9584e+09	1.34087e-05	0
140	14	6	0	0.00828571	0.00342857	5e-07	-2.7744e+09	-2.7744e+09	1.78782e-05	0
141	15	6	0	0.00885714	0.00342857	5e-07	-3.8352e+09	-3.8352e+09	2.23478e-05	0
142	16	6	0	0.00942857	0.00342857	5e-07	-5.1408e+09	-5.1408e+09	2.68173e-05	0
143	17	6	0	0.01	0.00342857	5e-07	-7.1264e+09	-7.1264e+09	3.12869e-05	0
144	18	6	0	0.0105714	0.00342857	5e-07	-9.9552e+09	-9.9552e+09	3.57564e-05	0
145	19	6	0	0.0111429	0.00342857	5e-07	-1.7408e+10	-1.7408e+10	4.0226e-05	0
146	20	6	0	0.0117143	0.00342857	5e-07	-3.1008e+10	-3.1008e+10	4.46956e-05	0
147	0	7	0	0.000285714	0.004	5e-07	3.11168e+10	3.11168e+10	-4.46956e-05	0
148	1	7	0	0.000857143	0.004	5e-07	1.85776e+10	1.85776e+10	-4.0226e-05	0
149	2	7	0	0.00142857	0.004	5e-07	1.04176e+10	1.04176e+10	-3.57564e-05	0
150	3	7	0	0.002	0.004	5e-07	7.5616e+09	7.5616e+09	-3.12869e-05	0
151	4	7	0	0.00257143	0.004	5e-07	5.4944e+09	5.4944e+09	-2.68173e-05	0
152	5	7	0	0.00314286	0.004	5e-07	4.08e+09	4.08e+09	-2.23478e-05	0
153	6	7	0	0.00371429	0.004	5e-07	2.992e+09	2.992e+09	-1.78782e-05	0
154	7	7	0	0.00428571	0.004	5e-07	2.1216e+09	2.1216e+09	-1.34087e-05	0
155	8	7	0	0.00485714	0.004	5e-07	1.3328e+09	1.3328e+09	-8.93911e-06	0
156	9	7	0	0.00542857	0.004	5e-07	6.528e+08	6.528e+08	-4.46956e-06	0
157	10	7	0	0.006	0.004	5e-07	0	0	6.78426e-21	0
158	11	7	0	0.00657143	0.004	5e-07	-6.528e+08	-6.528e+08	4.46956e-06	0
159	12	7	0	0.00714286	0.004	5e-07	-1.3328e+09	-1.3328e+09	8.93911e-06	0
160	13	7	0	0.00771429	0.004	5e-07	-2.1216e+09	-2.1216e+09	1.34087e-05	0
161	14	7	0	0.00828571	0.004	5e-07	-2.992e+09	-2.992e+09	1.78782e-05	0
162	15	7	0	0.00885714	0.004	5e-07	-4.08e+09	-4.08e+09	2.23478e-05	0
163	16	7	0	0.00942857	0.004	5e-07	-5.4944e+09	-5.4944e+09	2.68173e-05	0
164	17	7	0	0.01	0.004	5e-07	-7.5616e+09	-7.5616e+09	3.12869e-05	0
165	18	7	0	0.0105714	0.004	5e-07	-1.04176e+10	-1.04176e+10	3.57564e-05	0
166	19	7	0	0.0111429	0.004	5e-07	-1.85776e+10	-1.85776e+10	4.0226e-05	0
167	20	7	0	0.0117143	0.004	5e-07	-3.11168e+10	-3.11168e+10	4.46956e-05	0
168	0	8	0	0.000285714	0.00457143	5e-07	3.11712e+10	3.11712e+10	-4.46956e-05	0
169	1	8	0	0.000857143	0.00457143	5e-07	1.93936e+10	1.93936e+10	-4.0226e-05	0
170	2	8	0	0.00142857	0.00457143	5e-07	1.07712e+10	1.07712e+10	-3.57564e-05	0
171	3	8	0	0.002	0.00457143	5e-07	7.8608e+09	7.8608e+09	-3.12869e-05	0
172	4	8	0	0.00257143	0.00457143	5e-07	5.7392e+09	5.7392e+09	-2.68173e-05	0
173	5	8	0	0.00314286	0.00457143	5e-07	4.2704e+09	4.2704e+09	-2.23478e-05	0
174	6	8	0	0.00371429	0.00457143	5e-07	3.1552e+09	3.1552e+09	-1.78782e-05	0
175	7	8	0	0.00428571	0.00457143	5e-07	2.2032e+09	2.2032e+09	-1.34087e-05	0
176	8	8	0	0.00485714	0.00457143	5e-07	1.4144e+09	1.4144e+09	-8.93911e-06	0
177	9	8	0	0.00542857	0.00457143	5e-07	6.8e+08	6.8e+08	-4.46956e-06	0
178	10	8	0	0.006	0.00457143	5e-07	0	0	6.78426e-21	0
179	11	8	0	0.00657143	0.00457143	5e-07	-6.8e+08	-6.8e+08	4.46956e-06	0
180	12	8	0	0.00714286	0.00457143	5e-07	-1.4144e+09	-1.4144e+09	8.93911e-06	0
181	13	8	0	0.00771429	0.00457143	5e-07	-2.2032e+09	-2.2032e+09	1.34087e-05	0
182	14	8	0	0.00828571	0.00457143	5e-07	-3.1552e+09	-3.1552e+09	1.78782e-05	0
183	15	8	0	0.00885714	0.00457143	5e-07	-4.2704e+09	-4.2704e+09	2.23478e-05	0
184	16	8	0	0.00942857	0.00457143	5e-07	-5.7392e+09	-5.7392e+09	2.68173e-05	0
185	17	8	0	0.01	0.00457143	5e-07	-7.8608e+09	-7.8608e+09	3.12869e-05	0
186	18	8	0	0.0105714	0.00457143	5e-07	-1.07712e+10	-1.07712e+10	3.57564e-05	0
187	19	8	0	0.0111429	0.00457143	5e-07	-1.93936e+10	-1.93936e+10	4.0226e-05	0
188	20	8	0	0.0117143	0.00457143	5e-07	-3.11712e+10	-3.11712e+10	4.46956e-05	0
189	0	9	0	0.000285714	0.00514286	5e-07	3.12256e+10	3.12256e+10	-4.46956e-05	0
190	1	9	0	0.000857143	0.00514286	5e-07	1.99104e+10	1.99104e+10	-4.0226e-05	0
191	2	9	0	0.00142857	0.00514286	5e-07	1.09616e+10	1.09616e+10	-3.57564e-05	0
192	3	9	0	0.002	0.00514286	5e-07	8.0784e+09	8.0784e+09	-3.12869e-05	0
193	4	9	0	0.00257143	0.00514286	5e-07	5.8752e+09	5.8752e+09	-2.68173e-05	0
194	5	9	0	0.00314286	0.00514286	5e-07	4.4064e+09	4.4064e+09	-2.23478e-05	0
195	6	9	0	0.00371429	0.00514286	5e-07	3.2368e+09	3.2368e+09	-1.78782e-05	0
196	7	9	0	0.00428571	0.00514286	5e-07	2.2848e+09	2.2848e+09	-1.34087e-05	0
197	8	9	0	0.00485714	0.00514286	5e-07	1.4688e+09	1.4688e+09	-8.93911e-06	0
198	9	9	0	0.00542857	0.00514286	5e-07	7.072e+08	7.072e+08	-4.46956e-06	0
199	10	9	0	0.006	0.00514286	5e-07	0	0	6.78426e-21	0
200	11	9	0	0.00657143	0.00514286	5e-07	-7.072e+08	-7.072e+08	4.46956e-06	0
201	12	9	0	0.00714286	0.00514286	5e-07	-1.4688e+09	-1.4688e+09	8.93911e-06	0
202	13	9	0	0.00771429	0.00514286	5e-07	-2.2848e+09	-2.2848e+09	1.34087e-05	0
203	14	9	0	0.00828571	0.00514286	5e-07	-3.2368e+09	-3.2368e+09	1.78782e-05	0
204	15	9	0	0.00885714	0.00514286	5e-07	-4.4064e+09	-4.4064e+09	2.23478e-05	0
205	16	9	0	0.00942857	0.00514286	5e-07	-5.8752e+09	-5.8752e+09	2.68173e-05	0
206	17	9	0	0.01	0.00514286	5e-07	-8.0784e+09	-8.0784e+09	3.12869e-05	0
207	18	9	0	0.0105714	0.00514286	5e-07	-1.09616e+10	-1.09616e+10	3.57564e-05	0
208	19	9	0	0.0111429	0.00514286	5e-07	-1.99104e+10	-1.99104e+10	4.0226e-05	0
209	20	9	0	0.0117143	0.00514286	5e-07	-3.12256e+10	-3.12256e+10	4.46956e-05	0
210	0	10	0	0.000285714	0.00571429	5e-07	3.12256e+10	3.12256e+10	-4.46956e-05	0
211	1	10	0	0.000857143	0.00571429	5e-07	2.01824e+10	2.01824e+10	-4.0226e-05	0
212	2	10	0	0.00142857	0.00571429	5e-07	1.10704e+10	1.10704e+10	-3.57564e-05	0
213	3	10	0	0.002	0.00571429	5e-07	8.16e+09	8.16e+09	-3.12869e-05	0
214	4	10	0	0.00257143	0.00571429	5e-07	5.9568e+09	5.9568e+09	-2.68173e-05	0
215	5	10	0	0.00314286	0.00571429	5e-07	4.4608e+09	4.4608e+09	-2.23478e-05	0
216	6	10	0	0.00371429	0.00571429	5e-07	3.2912e+09	3.2912e+09	-1.78782e-05	0
217	7	10	0	0.00428571	0.00571429	5e-07	2.312e+09	2.312e+09	-1.34087e-05	0
218	8	10	0	0.00485714	0.00571429	5e-07	1.496e+09	1.496e+09	-8.93911e-06	0
219	9	10	0	0.00542857	0.00571429	5e-07	7.072e+08	7.072e+08	-4.46956e-06	0
220	10	10	0	0.006	0.00571429	5e-07	0	0	6.78426e-21	0
221	11	10	0	0.00657143	0.00571429	5e-07	-7.072e+08	-7.072e+08	4.46956e-06	0
222	12	10	0	0.00714286	0.00571429	5e-07	-1.496e+09	-1.496e+09	8.93911e-06	0
223	13	10	0	0.00771429	0.00571429	5e-07	-2.312e+09	-2.312e+09	1.34087e-05	0
224	14	10	0	0.00828571	0.00571429	5e-07	-3.2912e+09	-3.2912e+09	1.78782e-05	0
225	15	10	0	0.00885714	0.00571429	5e-07	-4.4608e+09	-4.4608e+09	2.23478e-05	0
226	16	10	0	0.00942857	0.00571429	5e-07	-5.9568e+09	-5.9568e+09	2.68173e-05	0
227	17	10	0	0.01	0.00571429	5e-07	-8.16e+09	-8.16e+09	3.12869e-05	0
228	18	10	0	0.0105714	0.00571429	5e-07	-1.10704e+10	-1.10704e+10	3.57564e-05	0
229	19	10	0	0.0111429	0.00571429	5e-07	-2.01824e+10	-2.01824e+10	4.0226e-05	0
230	20	10	0	0.0117143	0.00571429	5e-07	-3.12256e+10	-3.12256e+10	4.46956e-05	0
231	0	11	0	0.000285714	0.00628571	5e-07	3.12528e+10	3.12528e+10	-4.46956e-05	0
232	1	11	0	0.000857143	0.00628571	5e-07	2.01552e+10	2.01552e+10	-4.0226e-05	0
233	2	11	0	0.00142857	0.00628571	5e-07	1.10704e+10	1.10704e+10	-3.57564e-05	0
234	3	11	0	0.002	0.00628571	5e-07	8.16e+09	8.16e+09	-3.12869e-05	0
235	4	11	0	0.00257143	0.00628571	5e-07	5.9568e+09	5.9568e+09	-2.68173e-05	0
236	5	11	0	0.00314286	0.00628571	5e-07	4.4608e+09	4.4608e+09	-2.23478e-05	0
237	6	11	0	0.00371429	0.00628571	5e-07	3.2912e+09	3.2912e+09	-1.78782e-05	0
238	7	11	0	0.00428571	0.00628571	5e-07	2.312e+09	2.312e+09	-1.34087e-05	0
239	8	11	0	0.00485714	0.00628571	5e-07	1.496e+09	1.496e+09	-8.93911e-06	0
240	9	11	0	0.00542857	0.00628571	5e-07	7.072e+08	7.072e+08	-4.46956e-06	0
241	10	11	0	0.006	0.00628571	5e-07	0	0	6.78426e-21	0
242	11	11	0	0.00657143	0.00628571	5e-07	-7.072e+08	-7.072e+08	4.46956e-06	0
243	12	11	0	0.00714286	0.00628571	5e-07	-1.496e+09	-1.496e+09	8.93911e-06	0
244	13	11	0	0.00771429	0.00628571	5e-07	-2.312e+09	-2.312e+09	1.34087e-05	0
245	14	11	0	0.00828571	0.00628571	5e-07	-3.2912e+09	-3.2912e+09	1.78782e-05	0
246	15	11	0	0.00885714	0.00628571	5e-07	-4.4608e+09	-4.4608e+09	2.23478e-05	0
247	16	11	0	0.00942857	0.00628571	5e-07	-5.9568e+09	-5.9568e+09	2.68173e-05	0
248	17	11	0	0.01	0.00628571	5e-07	-8.16e+09	-8.16e+09	3.12869e-05	0
249	18	11	0	0.0105714	0.00628571	5e-07	-1.10704e+10	-1.10704e+10	3.57564e-05	0
250	19	11	0	0.0111429	0.00628571	5e-07	-2.01552e+10	-2.01552e+10	4.0226e-05	0
251	20	11	0	0.0117143	0.00628571	5e-07	-3.12528e+10	-3.12528e+10	4.46956e-05	0
252	0	12	0	0.000285714	0.00685714	5e-07	3.11984e+10	3.11984e+10	-4.46956e-05	0
253	1	12	0	0.000857143	0.00685714	5e-07	1.99376e+10	1.99376e+10	-4.0226e-05	0
254	2	12	0	0.00142857	0.00685714	5e-07	1.09616e+10	1.09616e+10	-3.57564e-05	0
255	3	12	0	0.002	0.00685714	5e-07	8.0784e+09	8.0784e+09	-3.12869e-05	0
256	4	12	0	0.00257143	0.00685714	5e-07	5.8752e+09	5.8752e+09	-2.68173e-05	0
257	5	12	0	0.00314286	0.00685714	5e-07	4.4064e+09	4.4064e+09	-2.23478e-05	0
258	6	12	0	0.00371429	0.00685714	5e-07	3.2368e+09	3.2368e+09	-1.78782e-05	0
259	7	12	0	0.00428571	0.00685714	5e-07	2.2848e+09	2.2848e+09	-1.34087e-05	0
260	8	12	0	0.00485714	0.00685714	5e-07	1.4688e+09	1.4688e+09	-8.93911e-06	0
261	9	12	0	0.00542857	0.00685714	5e-07	7.072e+08	7.072e+08	-4.46956e-06	0
262	10	12	0	0.006	0.00685714	5e-07	0	0	6.78426e-21	0
263	11	12	0	0.00657143	0.00685714	5e-07	-7.072e+08	-7.072e+08	4.46956e-06	0
264	12	12	0	0.00714286	0.00685714	5e-07	-1.4688e+09	-1.4688e+09	8.93911e-06	0
265	13	12	0	0.00771429	0.00685714	5e-07	-2.2848e+09	-2.2848e+09	1.34087e-05	0
266	14	12	0	0.00828571	0.00685714	5e-07	-3.2368e+09	-3.2368e+09	1.78782e-05	0
267	15	12	0	0.00885714	0.00685714	5e-07	-4.4064e+09	-4.4064e+09	2.23478e-05	0
268	16	12	0	0.00942857	0.00685714	5e-07	-5.8752e+09	-5.8752e+09	2.68173e-05	0
269	17	12	0	0.01	0.00685714	5e-07	-8.0784e+09	-8.0784e+09	3.12869e-05	0
270	18	12	0	0.0105714	0.00685714	5e-07	-1.09616e+10	-1.09616e+10	3.57564e-05	0
271	19	12	0	0.0111429	0.00685714	5e-07	-1.99104e+10	-1.99104e+10	4.0226e-05	0
272	20	12	0	0.0117143	0.00685714	5e-07	-3.12256e+10	-3.12256e+10	4.46956e-05	0
273	0	13	0	0.000285714	0.00742857	5e-07	3.11984e+10	3.11984e+10	-4.46956e-05	0
274	1	13	0	0.000857143	0.00742857	5e-07	1.93664e+10	1.93664e+10	-4.0226e-05	0
275	2	13	0	0.00142857	0.00742857	5e-07	1.07712e+10	1.07712e+10	-3.57564e-05	0
276	3	13	0	0.002	0.00742857	5e-07	7.8608e+09	7.8608e+09	-3.12869e-05	0
277	4	13	0	0.00257143	0.00742857	5e-07	5.7392e+09	5.7392e+09	-2.68173e-05	0
278	5	13	0	0.00314286	0.00742857	5e-07	4.2704e+09	4.2704e+09	-2.23478e-05	0
279	6	13	0	0.00371429	0.00742857	5e-07	3.1552e+09	3.1552e+09	-1.78782e-05	0
280	7	13	0	0.00428571	0.00742857	5e-07	2.2032e+09	2.2032e+09	-1.34087e-05	0
281	8	13	0	0.00485714	0.00742857	5e-07	1.4144e+09	1.4144e+09	-8.93911e-06	0
282	9	13	0	0.00542857	0.00742857	5e-07	6.8e+08	6.8e+08	-4.46956e-06	0
283	10	13	0	0.006	0.00742857	5e-07	0	0	6.78426e-21	0
284	11	13	0	0.00657143	0.00742857	5e-07	-6.8e+08	-6.8e+08	4.46956e-06	0
285	12	13	0	0.00714286	0.00742857	5e-07	-1.4144e+09	-1.4144e+09	8.93911e-06	0
286	13	13	0	0.00771429	0.00742857	5e-07	-2.2032e+09	-2.2032e+09	1.34087e-05	0
287	14	13	0	0.00828571	0.00742857	5e-07	-3.1552e+09	-3.1552e+09	1.78782e-05	0
288	15	13	0	0.00885714	0.00742857	5e-07	-4.2704e+09	-4.2704e+09	2.23478e-05	0
289	16	13	0	0.00942857	0.00742857	5e-07	-5.7392e+09	-5.7392e+09	2.68173e-05	0
290	17	13	0	0.01	0.00742857	5e-07	-7.8608e+09	-7.8608e+09	3.12869e-05	0
291	18	13	0	0.0105714	0.00742857	5e-07	-1.07712e+10	-1.07712e+10	3.57564e-05	0
292	19	13	0	0.0111429	0.00742857	5e-07	-1.93936e+10	-1.93936e+10	4.0226e-05	0
293	20	13	0	0.0117143	0.00742857	5e-07	-3.11712e+10	-3.11712e+10	4.46956e-05	0
294	0	14	0	0.000285714	0.008	5e-07	3.11168e+10	3.11168e+10	-4.46956e-05	0
295	1	14	0	0.000857143	0.008	5e-07	1.85776e+10	1.85776e+10	-4.0226e-05	0
296	2	14	0	0.00142857	0.008	5e-07	1.04176e+10	1.04176e+10	-3.57564e-05	0
297	3	14	0	0.002	0.008	5e-07	7.5616e+09	7.5616e+09	-3.12869e-05	0
298	4	14	0	0.00257143	0.008	5e-07	5.4944e+09	5.4944e+09	-2.68173e-05	0
299	5	14	0	0.00314286	0.008	5e-07	4.08e+09	4.08e+09	-2.23478e-05	0
300	6	14	0	0.00371429	0.008	5e-07	2.992e+09	2.992e+09	-1.78782e-05	0
301	7	14	0	0.00428571	0.008	5e-07	2.1216e+09	2.1216e+09	-1.34087e-05	0
302	8	14	0	0.00485714	0.008	5e-07	1.3328e+09	1.3328e+09	-8.93911e-06	0
303	9	14	0	0.00542857	0.008	5e-07	6.528e+08	6.528e+08	-4.46956e-06	0
304	10	14	0	0.006	0.008	5e-07	0	0	6.78426e-21	0
305	11	14	0	0.00657143	0.008	5e-07	-6.528e+08	-6.528e+08	4.46956e-06	0
306	12	14	0	0.00714286	0.008	5e-07	-1.3328e+09	-1.3328e+09	8.93911e-06	0
307	13	14	0	0.00771429	0.008	5e-07	-2.1216e+09	-2.1216e+09	1.34087e-05	0
308	14	14	0	0.00828571	0.008	5e-07	-2.992e+09	-2.992e+09	1.78782e-05	0
309	15	14	0	0.00885714	0.008	5e-07	-4.08e+09	-4.08e+09	2.23478e-05	0
310	16	14	0	0.00942857	0.008	5e-07	-5.4944e+09	-5.4944e+09	2.68173e-05	0
311	17	14	0	0.01	0.008	5e-07	-7.5616e+09	-7.5616e+09	3.12869e-05	0
312	18	14	0	0.0105714	0.008	5e-07	-1.04176e+10	-1.04176e+10	3.57564e-05	0
313	19	14	0	0.0111429	0.008	5e-07	-1.85776e+10	-1.85776e+10	4.0226e-05	0
314	20	14	0	0.0117143	0.008	5e-07	-3.11168e+10	-3.11168e+10	4.46956e-05	0
315	0	15	0	0.000285714	0.00857143	5e-07	3.1008e+10	3.1008e+10	-4.46956e-05	0
316	1	15	0	0.000857143	0.00857143	5e-07	1.7408e+10	1.7408e+10	-4.0226e-05	0
317	2	15	0	0.00142857	0.00857143	5e-07	9.9552e+09	9.9552e+09	-3.57564e-05	0
318	3	15	0	0.002	0.00857143	5e-07	7.1264e+09	7.1264e+09	-3.12869e-05	0
319	4	15	0	0.00257143	0.00857143	5e-07	5.1408e+09	5.1408e+09	-2.68173e-05	0
320	5	15	0	0.00314286	0.00857143	5e-07	3.8352e+09	3.8352e+09	-2.23478e-05	0
321	6	15	0	0.00371429	0.00857143	5e-07	2.7744e+09	2.7744e+09	-1.78782e-05	0
322	7	15	0	0.00428571	0.00857143	5e-07	1.9584e+09	1.9584e+09	-1.34087e-05	0
323	8	15	0	0.00485714	0.00857143	5e-07	1.2512e+09	1.2512e+09	-8.93911e-06	0
324	9	15	0	0.00542857	0.00857143	5e-07	5.984e+08	5.984e+08	-4.46956e-06	0
325	10	15	0	0.006	0.00857143	5e-07	0	0	6.78426e-21	0
326	11	15	0	0.00657143	0.00857143	5e-07	-5.984e+08	-5.984e+08	4.46956e-06	0
327	12	15	0	0.00714286	0.00857143	5e-07	-1.2512e+09	-1.2512e+09	8.93911e-06	0
328	13	15	0	0.00771429	0.00857143	5e-07	-1.9584e+09	-1.9584e+09	1.34087e-05	0
329	14	15	0	0.00828571	0.00857143	5e-07	-2.7744e+09	-2.7744e+09	1.78782e-05	0
330	15	15	0	0.00885714	0.00857143	5e-07	-3.8352e+09	-3.8352e+09	2.23478e-05	0
331	16	15	0	0.00942857	0.00857143	5e-07	-5.1408e+09	-5.1408e+09	2.68173e-05	0
332	17	15	0	0.01	0.00857143	5e-07	-7.1264e+09	-7.1264e+09	3.12869e-05	0
333	18	15	0	0.0105714	0.00857143	5e-07	-9.9552e+09	-9.9552e+09	3.57564e-05	0
334	19	15	0	0.0111429	0.00857143	5e-07	-1.7408e+10	-1.7408e+10	4.0226e-05	0
335	20	15	0	0.0117143	0.00857143	5e-07	-3.1008e+10	-3.1008e+10	4.46956e-05	0
336	0	16	0	0.000285714	0.00914286	5e-07	3.0872e+10	3.0872e+10	-4.46956e-05	0
337	1	16	0	0.000857143	0.00914286	5e-07	1.5776e+10	1.5776e+10	-4.0226e-05	0
338	2	16	0	0.00142857	0.00914286	5e-07	9.2752e+09	9.2752e+09	-3.57564e-05	0
339	3	16	0	0.002	0.00914286	5e-07	6.528e+09	6.528e+09	-3.12869e-05	0
340	4	16	0	0.00257143	0.00914286	5e-07	4.7328e+09	4.7328e+09	-2.68173e-05	0
341	5	16	0	0.00314286	0.00914286	5e-07	3.4544e+09	3.4544e+09	-2.23478e-05	0
342	6	16	0	0.00371429	0.00914286	5e-07	2.5296e+09	2.5296e+09	-1.78782e-05	0
343	7	16	0	0.00428571	0.00914286	5e-07	1.768e+09	1.768e+09	-1.34087e-05	0
344	8	16	0	0.00485714	0.00914286	5e-07	1.1152e+09	1.1152e+09	-8.93911e-06	0
345	9	16	0	0.00542857	0.00914286	5e-07	5.44e+08	5.44e+08	-4.46956e-06	0
346	10	16	0	0.006	0.00914286	5e-07	0	0	6.78426e-21	0
347	11	16	0	0.00657143	0.00914286	5e-07	-5.44e+08	-5.44e+08	4.46956e-06	0
348	12	16	0	0.00714286	0.00914286	5e-07	-1.1152e+09	-1.1152e+09	8.93911e-06	0
349	13	16	0	0.00771429	0.00914286	5e-07	-1.768e+09	-1.768e+09	1.34087e-05	0
350	14	16	0	0.00828571	0.00914286	5e-07	-2.5296e+09	-2.5296e+09	1.78782e-05	0
351	15	16	0	0.00885714	0.00914286	5e-07	-3.4544e+09	-3.4544e+09	2.23478e-05	0
352	16	16	0	0.00942857	0.00914286	5e-07	-4.7328e+09	-4.7328e+09	2.68173e-05	0
353	17	16	0	0.01	0.00914286	5e-07	-6.528e+09	-6.528e+09	3.12869e-05	0
354	18	16	0	0.0105714	0.00914286	5e-07	-9.2752e+09	-9.2752e+09	3.57564e-05	0
355	19	16	0	0.0111429	0.00914286	5e-07	-1.5776e+10	-1.5776e+10	4.0226e-05	0
356	20	16	0	0.0117143	0.00914286	5e-07	-3.0872e+10	-3.0872e+10	4.46956e-05	0
357	0	17	0	0.000285714	0.00971429	5e-07	3.05456e+10	3.05456e+10	-4.46956e-05	0
358	1	17	0	0.000857143	0.00971429	5e-07	1.36272e+10	1.36272e+10	-4.0226e-05	0
359	2	17	0	0.00142857	0.00971429	5e-07	8.4048e+09	8.4048e+09	-3.57564e-05	0
360	3	17	0	0.002	0.00971429	5e-07	5.7392e+09	5.7392e+09	-3.12869e-05	0
361	4	17	0	0.00257143	0.00971429	5e-07	4.1344e+09	4.1344e+09	-2.68173e-05	0
362	5	17	0	0.00314286	0.00971429	5e-07	3.0464e+09	3.0464e+09	-2.23478e-05	0
363	6	17	0	0.00371429	0.00971429	5e-07	2.176e+09	2.176e+09	-1.78782e-05	0
364	7	17	0	0.00428571	0.00971429	5e-07	1.5232e+09	1.5232e+09	-1.34087e-05	0
365	8	17	0	0.00485714	0.00971429	5e-07	9.792e+08	9.792e+08	-8.93911e-06	0
366	9	17	0	0.00542857	0.00971429	5e-07	4.624e+08	4.624e+08	-4.46956e-06	0
367	10	17	0	0.006	0.00971429	5e-07	0	0	6.78426e-21	0
368	11	17	0	0.00657143	0.00971429	5e-07	-4.624e+08	-4.624e+08	4.46956e-06	0
369	12	17	0	0.00714286	0.00971429	5e-07	-9.792e+08	-9.792e+08	8.93911e-06	0
370	13	17	0	0.00771429	0.00971429	5e-07	-1.5232e+09	-1.5232e+09	1.34087e-05	0
371	14	17	0	0.00828571	0.00971429	5e-07	-2.176e+09	-2.176e+09	1.78782e-05	0
372	15	17	0	0.00885714	0.00971429	5e-07	-3.0464e+09	-3.0464e+09	2.23478e-05	0
373	16	17	0	0.00942857	0.00971429	5e-07	-4.1344e+09	-4.1344e+09	2.68173e-05	0
374	17	17	0	0.01	0.00971429	5e-07	-5.7392e+09	-5.7392e+09	3.12869e-05	0
375	18	17	0	0.0105714	0.00971429	5e-07	-8.4048e+09	-8.4048e+09	3.57564e-05	0
376	19	17	0	0.0111429	0.00971429	5e-07	-1.36272e+10	-1.36272e+10	4.0226e-05	0
377	20	17	0	0.0117143	0.00971429	5e-07	-3.05456e+10	-3.05456e+10	4.46956e-05	0
378	0	18	0	0.000285714	0.0102857	5e-07	3.01376e+10	3.01376e+10	-4.46956e-05	0
379	1	18	0	0.000857143	0.0102857	5e-07	1.05264e+10	1.05264e+10	-4.0226e-05	0
380	2	18	0	0.00142857	0.0102857	5e-07	7.208e+09	7.208e+09	-3.57564e-05	0
381	3	18	0	0.002	0.0102857	5e-07	4.7056e+09	4.7056e+09	-3.12869e-05	0
382	4	18	0	0.00257143	0.0102857	5e-07	3.3456e+09	3.3456e+09	-2.68173e-05	0
383	5	18	0	0.00314286	0.0102857	5e-07	2.448e+09	2.448e+09	-2.23478e-05	0
384	6	18	0	0.00371429	0.0102857	5e-07	1.7408e+09	1.7408e+09	-1.78782e-05	0
385	7	18	0	0.00428571	0.0102857	5e-07	1.224e+09	1.224e+09	-1.34087e-05	0
386	8	18	0	0.00485714	0.0102857	5e-07	7.616e+08	7.616e+08	-8.93911e-06	0
387	9	18	0	0.00542857	0.0102857	5e-07	3.808e+08	3.808e+08	-4.46956e-06	0
388	10	18	0	0.006	0.0102857	5e-07	0	0	6.78426e-21	0
389	11	18	0	0.00657143	0.0102857	5e-07	-3.808e+08	-3.808e+08	4.46956e-06	0
390	12	18	0	0.00714286	0.0102857	5e-07	-7.616e+08	-7.616e+08	8.93911e-06	0
391	13	18	0	0.00771429	0.0102857	5e-07	-1.224e+09	-1.224e+09	1.34087e-05	0
392	14	18	0	0.00828571	0.0102857	5e-07	-1.7408e+09	-1.7408e+09	1.78782e-05	0
393	15	18	0	0.00885714	0.0102857	5e-07	-2.448e+09	-2.448e+09	2.23478e-05	0
394	16	18	0	0.00942857	0.0102857	5e-07	-3.3456e+09	-3.3456e+09	2.68173e-05	0
395	17	18	0	0.01	0.0102857	5e-07	-4.7056e+09	-4.7056e+09	3.12869e-05	0
396	18	18	0	0.0105714	0.0102857	5e-07	-7.208e+09	-7.208e+09	3.57564e-05	0
397	19	18	0	0.0111429	0.0102857	5e-07	-1.05264e+10	-1.05264e+10	4.0226e-05	0
398	20	18	0	0.0117143	0.0102857	5e-07	-3.01376e+10	-3.01376e+10	4.46956e-05	0
399	0	19	0	0.000285714	0.0108571	5e-07	2.78256e+10	2.78256e+10	-4.46956e-05	0
400	1	19	0	0.000857143	0.0108571	5e-07	7.1536e+09	7.1536e+09	-4.0226e-05	0
401	2	19	0	0.00142857	0.0108571	5e-07	5.6848e+09	5.6848e+09	-3.57564e-05	0
402	3	19	0	0.002	0.0108571	5e-07	3.5088e+09	3.5088e+09	-3.12869e-05	0
403	4	19	0	0.00257143	0.0108571	5e-07	2.4752e+09	2.4752e+09	-2.68173e-05	0
404	5	19	0	0.00314286	0.0108571	5e-07	1.768e+09	1.768e+09	-2.23478e-05	0
405	6	19	0	0.00371429	0.0108571	5e-07	1.2784e+09	1.2784e+09	-1.78782e-05	0
406	7	19	0	0.00428571	0.0108571	5e-07	8.704e+08	8.704e+08	-1.34087e-05	0
407	8	19	0	0.00485714	0.0108571	5e-07	5.712e+08	5.712e+08	-8.93911e-06	0
408	9	19	0	0.00542857	0.0108571	5e-07	2.72e+08	2.72e+08	-4.46956e-06	0
409	10	19	0	0.006	0.0108571	5e-07	0	0	6.78426e-21	0
410	11	19	0	0.00657143	0.0108571	5e-07	-2.72e+08	-2.72e+08	4.46956e-06	0
411	12	19	0	0.00714286	0.0108571	5e-07	-5.712e+08	-5.712e+08	8.93911e-06	0
412	13	19	0	0.00771429	0.0108571	5e-07	-8.704e+08	-8.704e+08	1.34087e-05	0
413	14	19	0	0.00828571	0.0108571	5e-07	-1.2784e+09	-1.2784e+09	1.78782e-05	0
414	15	19	0	0.00885714	0.0108571	5e-07	-1.768e+09	-1.768e+09	2.23478e-05	0
415	16	19	0	0.00942857	0.0108571	5e-07	-2.4752e+09	-2.4752e+09	2.68173e-05	0
416	17	19	0	0.01	0.0108571	5e-07	-3.5088e+09	-3.5088e+09	3.12869e-05	0
417	18	19	0	0.0105714	0.0108571	5e-07	-5.6848e+09	-5.6848e+09	3.57564e-05	0
418	19	19	0	0.0111429	0.0108571	5e-07	-7.1536e+09	-7.1536e+09	4.0226e-05	0
419	20	19	0	0.0117143	0.0108571	5e-07	-2.78256e+10	-2.78256e+10	4.46956e-05	0
420	0	20	0	0.000285714	0.0114286	5e-07	2.34192e+10	2.34192e+10	-4.46956e-05	0
421	1	20	0	0.000857143	0.0114286	5e-07	4.4064e+09	4.4064e+09	-4.0226e-05	0
422	2	20	0	0.00142857	0.0114286	5e-07	2.312e+09	2.312e+09	-3.57564e-05	0
423	3	20	0	0.002	0.0114286	5e-07	4.08e+08	4.08e+08	-3.12869e-05	0
424	4	20	0	0.00257143	0.0114286	5e-07	3.264e+08	3.264e+08	-2.68173e-05	0
425	5	20	0	0.00314286	0.0114286	5e-07	1.36e+08	1.36e+08	-2.23478e-05	0
426	6	20	0	0.00371429	0.0114286	5e-07	1.088e+08	1.088e+08	-1.78782e-05	0
427	7	20	0	0.00428571	0.0114286	5e-07	5.44e+07	5.44e+07	-1.34087e-05	0
428	8	20	0	0.00485714	0.0114286	5e-07	5.44e+07	5.44e+07	-8.93911e-06	0
429	9	20	0	0.00542857	0.0114286	5e-07	-6.21725e-06	-6.21725e-06	-4.46956e-06	0
430	10	20	0	0.006	0.0114286	5e-07	2.72e+07	2.72e+07	6.78426e-21	0
431	11	20	0	0.00657143	0.0114286	5e-07	-2.72e+07	-2.72e+07	4.46956e-06	0
432	12	20	0	0.00714286	0.0114286	5e-07	-5.44e+07	-5.44e+07	8.93911e-06	0
433	13	20	0	0.00771429	0.0114286	5e-07	-5.44e+07	-5.44e+07	1.34087e-05	0
434	14	20	0	0.00828571	0.0114286	5e-07	-1.088e+08	-1.088e+08	1.78782e-05	0
435	15	20	0	0.00885714	0.0114286	5e-07	-1.36e+08	-1.36e+08	2.23478e-05	0
436	16	20	0	0.00942857	0.0114286	5e-07	-3.264e+08	-3.264e+08	2.68173e-05	0
437	17	20	0	0.01	0.0114286	5e-07	-4.08e+08	-4.08e+08	3.12869e-05	0
438	18	20	0	0.0105714	0.0114286	5e-07	-2.312e+09	-2.312e+09	3.57564e-05	0
439	19	20	0	0.0111429	0.0114286	5e-07	-4.4064e+09	-4.4064e+09	4.0226e-05	0
440	20	20	0	0.0117143	0.0114286	5e-07	-2.34192e+10	-2.34192e+10	4.46956e-05	0
441	0	21	0	0.000285714	0.012	5e-07	0	0	-4.46956e-05	0
442	1	21	0	0.000857143	0.012	5e-07	0	0	-4.0226e-05	0
443	2	21	0	0.00142857	0.012	5e-07	0	0	-3.57564e-05	0
444	3	21	0	0.002	0.012	5e-07	0	0	-3.12869e-05	0
445	4	21	0	0.00257143	0.012	5e-07	0	0	-2.68173e-05	0
446	5	21	0	0.00314286	0.012	5e-07	0	0	-2.23478e-05	0
447	6	21	0	0.00371429	0.012	5e-07	0	0	-1.78782e-05	0
448	7	21	0	0.00428571	0.012	5e-07	0	0	-1.34087e-05	0
449	8	21	0	0.00485714	0.012	5e-07	0	0	-8.93911e-06	0
450	9	21	0	0.00542857	0.012	5e-07	0	0	-4.46956e-06	0
451	10	21	0	0.006	0.012	5e-07	0	0	6.78426e-21	0
452	11	21	0	0.00657143	0.012	5e-07	0	0	4.46956e-06	0
453	12	21	0	0.00714286	0.012	5e-07	0	0	8.93911e-06	0
454	13	21	0	0.00771429	0.012	5e-07	0	0	1.34087e-05	0
455	14	21	0	0.00828571	0.012	5e-07	0	0	1.78782e-05	0
456	15	21	0	0.00885714	0.012	5e-07	0	0	2.23478e-05	0
457	16	21	0	0.00942857	0.012	5e-07	0	0	2.68173e-05	0
458	17	21	0	0.01	0.012	5e-07	0	0	3.12869e-05	0
459	18	21	0	0.0105714	0.012	5e-07	0	0	3.57564e-05	0
460	19	21	0	0.0111429	0.012	5e-07	0	0	4.0226e-05	0
461	20	21	0	0.0117143	0.012	5e-07	0	0	4.46956e-05	0
