#1 2     3     4  		5  		 6   		 7   		8   	 9  10 11 12  13  14  15 	16   17   18 	 19 	20 	 21 	22 23 24 25 26 27 28 29 30 31 32 33	34	 35	 36	 37
#n rc[x] rc[y] rc[z] rec[r] rec[fi] rec[z] Jcpar  Jx Jy Jz |J| Jc  U   N 	A_ax A_ay A_az B_Jx B_Jy B_Jz Bx By Bz Tx Ty Tz mx my mz Ex Ey Ez loss eJx eJy eJz
#step: 0
0	0.000285714	0.000285714	5e-07	0	0	0	0	-1.17096e+10	1.17096e+10	0	1.65599e+10	2.72e+10	0.0182953	30	0	-4.46956e-05	0	0	0	0.00164045	0	0	0.00946218	0	0	-3.3456e+06
21	0.000285714	0.000857143	5e-07	0	0	0	0	-2.2032e+09	2.56224e+10	0	2.57169e+10	2.72e+10	15430.3	30	0	-4.46956e-05	0	0	0	-0.000423116	0	0	0.00739861	0	0	-7.32069e+06
42	0.000285714	0.00142857	5e-07	0	0	0	0	-1.156e+09	2.89816e+10	0	2.90046e+10	2.72e+10	642785	30	0	-4.46956e-05	0	0	0	0.000657616	0	0	0.00847934	0	0	-8.28046e+06
63	0.000285714	0.002	5e-07	0	0	0	0	-2.04e+08	3.03416e+10	0	3.03423e+10	2.72e+10	2.60057e+06	30	0	-4.46956e-05	0	0	0	0.00157664	0	0	0.00939836	0	0	-8.66903e+06
84	0.000285714	0.00257143	5e-07	0	0	0	0	-1.632e+08	3.07088e+10	0	3.07092e+10	2.72e+10	3.77494e+06	30	0	-4.46956e-05	0	0	0	0.00238528	0	0	0.010207	0	0	-8.77394e+06
105	0.000285714	0.00314286	5e-07	0	0	0	0	-6.8e+07	3.094e+10	0	3.09401e+10	2.72e+10	4.76138e+06	30	0	-4.46956e-05	0	0	0	0.00295453	0	0	0.0107763	0	0	-8.84e+06
126	0.000285714	0.00371429	5e-07	0	0	0	0	-5.44e+07	3.10624e+10	0	3.10624e+10	2.72e+10	5.38117e+06	30	0	-4.46956e-05	0	0	0	0.00338268	0	0	0.0112044	0	0	-8.87497e+06
147	0.000285714	0.00428571	5e-07	0	0	0	0	-2.72e+07	3.1144e+10	0	3.1144e+10	2.72e+10	5.8369e+06	30	0	-4.46956e-05	0	0	0	0.00368941	0	0	0.0115111	0	0	-8.89829e+06
168	0.000285714	0.00485714	5e-07	0	0	0	0	-2.72e+07	3.11984e+10	0	3.11984e+10	2.72e+10	6.16138e+06	30	0	-4.46956e-05	0	0	0	0.00389626	0	0	0.011718	0	0	-8.91383e+06
189	0.000285714	0.00542857	5e-07	0	0	0	0	3.10862e-06	3.12256e+10	0	3.12256e+10	2.72e+10	6.33003e+06	30	0	-4.46956e-05	0	0	0	0.004018	0	0	0.0118397	0	0	-8.9216e+06
210	0.000285714	0.006	5e-07	0	0	0	0	-1.36e+07	3.12392e+10	0	3.12392e+10	2.72e+10	6.41608e+06	30	0	-4.46956e-05	0	0	0	0.00405588	0	0	0.0118776	0	0	-8.92549e+06
231	0.000285714	0.00657143	5e-07	0	0	0	0	2.72e+07	3.12256e+10	0	3.12256e+10	2.72e+10	6.3301e+06	30	0	-4.46956e-05	0	0	0	0.00401812	0	0	0.0118398	0	0	-8.9216e+06
252	0.000285714	0.00714286	5e-07	0	0	0	0	-3.10862e-06	3.11984e+10	0	3.11984e+10	2.72e+10	6.16131e+06	30	0	-4.46956e-05	0	0	0	0.00389697	0	0	0.0117187	0	0	-8.91383e+06
273	0.000285714	0.00771429	5e-07	0	0	0	0	4.08e+07	3.11576e+10	0	3.11576e+10	2.72e+10	5.91652e+06	30	0	-4.46956e-05	0	0	0	0.0036848	0	0	0.0115065	0	0	-8.90217e+06
294	0.000285714	0.00828571	5e-07	0	0	0	0	5.44e+07	3.10624e+10	0	3.10624e+10	2.72e+10	5.38117e+06	30	0	-4.46956e-05	0	0	0	0.00338339	0	0	0.0112051	0	0	-8.87497e+06
315	0.000285714	0.00885714	5e-07	0	0	0	0	6.8e+07	3.094e+10	0	3.09401e+10	2.72e+10	4.76138e+06	30	0	-4.46956e-05	0	0	0	0.00295467	0	0	0.0107764	0	0	-8.84e+06
336	0.000285714	0.00942857	5e-07	0	0	0	0	1.632e+08	3.07088e+10	0	3.07092e+10	2.72e+10	3.77494e+06	30	0	-4.46956e-05	0	0	0	0.00238533	0	0	0.0102071	0	0	-8.77394e+06
357	0.000285714	0.01	5e-07	0	0	0	0	2.04e+08	3.03416e+10	0	3.03423e+10	2.72e+10	2.60057e+06	30	0	-4.46956e-05	0	0	0	0.00157666	0	0	0.00939838	0	0	-8.66903e+06
378	0.000285714	0.0105714	5e-07	0	0	0	0	1.156e+09	2.89816e+10	0	2.90046e+10	2.72e+10	642785	30	0	-4.46956e-05	0	0	0	0.000657626	0	0	0.00847935	0	0	-8.28046e+06
399	0.000285714	0.0111429	5e-07	0	0	0	0	2.2032e+09	2.56224e+10	0	2.57169e+10	2.72e+10	15430.3	30	0	-4.46956e-05	0	0	0	-0.00042311	0	0	0.00739861	0	0	-7.32069e+06
420	0.000285714	0.0117143	5e-07	0	0	0	0	1.17096e+10	1.17096e+10	0	1.65599e+10	2.72e+10	0.0182953	30	0	-4.46956e-05	0	0	0	0.00164046	0	0	0.00946218	0	0	-3.3456e+06


1	0.000857143	0.000285714	5e-07	0	0	0	0	-2.56224e+10	2.2032e+09	0	2.57169e+10	2.72e+10	15430.3	30	0	-4.0226e-05	0	0	0	-0.000423116	0	0	0.00739861	0	0	-7.32069e+06
22	0.000857143	0.000857143	5e-07	0	0	0	0	-5.78e+09	5.78e+09	0	8.17415e+09	2.72e+10	5.71872e-12	30	0	-4.0226e-05	0	0	0	-0.00703187	0	0	0.000789854	0	0	-1.62928e+07
43	0.000857143	0.00142857	5e-07	0	0	0	0	-3.9984e+09	8.84e+09	0	9.70221e+09	2.72e+10	1.16026e-09	30	0	-4.0226e-05	0	0	0	-0.00652868	0	0	0.00129305	0	0	-1.90866e+07
64	0.000857143	0.002	5e-07	0	0	0	0	-1.9584e+09	1.20768e+10	0	1.22346e+10	2.72e+10	1.53748e-06	30	0	-4.0226e-05	0	0	0	-0.00622466	0	0	0.00159706	0	0	-2.07886e+07
85	0.000857143	0.00257143	5e-07	0	0	0	0	-1.4008e+09	1.47016e+10	0	1.47682e+10	2.72e+10	0.000525668	30	0	-4.0226e-05	0	0	0	-0.00576065	0	0	0.00206108	0	0	-2.17483e+07
106	0.000857143	0.00314286	5e-07	0	0	0	0	-9.52e+08	1.6592e+10	0	1.66193e+10	2.72e+10	0.0204436	30	0	-4.0226e-05	0	0	0	-0.00543824	0	0	0.00238349	0	0	-2.24206e+07
127	0.000857143	0.00371429	5e-07	0	0	0	0	-6.936e+08	1.79928e+10	0	1.80062e+10	2.72e+10	0.245261	30	0	-4.0226e-05	0	0	0	-0.00518796	0	0	0.00263377	0	0	-2.28907e+07
148	0.000857143	0.00428571	5e-07	0	0	0	0	-4.624e+08	1.89856e+10	0	1.89912e+10	2.72e+10	1.27855	30	0	-4.0226e-05	0	0	0	-0.00500643	0	0	0.00281529	0	0	-2.3221e+07
169	0.000857143	0.00485714	5e-07	0	0	0	0	-3.128e+08	1.9652e+10	0	1.96545e+10	2.72e+10	3.70583	30	0	-4.0226e-05	0	0	0	-0.0048845	0	0	0.00293723	0	0	-2.34425e+07
190	0.000857143	0.00542857	5e-07	0	0	0	0	-1.36e+08	2.00464e+10	0	2.00469e+10	2.72e+10	6.83926	30	0	-4.0226e-05	0	0	0	-0.00481455	0	0	0.00300717	0	0	-2.35707e+07
211	0.000857143	0.006	5e-07	0	0	0	0	-1.36e+07	2.01688e+10	0	2.01688e+10	2.72e+10	8.25384	30	0	-4.0226e-05	0	0	0	-0.00479262	0	0	0.0030291	0	0	-2.36135e+07
232	0.000857143	0.00657143	5e-07	0	0	0	0	1.632e+08	2.00464e+10	0	2.00471e+10	2.72e+10	6.84141	30	0	-4.0226e-05	0	0	0	-0.00481443	0	0	0.00300729	0	0	-2.35707e+07
253	0.000857143	0.00714286	5e-07	0	0	0	0	2.856e+08	1.9652e+10	0	1.96541e+10	2.72e+10	3.70341	30	0	-4.0226e-05	0	0	0	-0.00488379	0	0	0.00293793	0	0	-2.34425e+07
274	0.000857143	0.00771429	5e-07	0	0	0	0	4.76e+08	1.8972e+10	0	1.8978e+10	2.72e+10	1.25116	30	0	-4.0226e-05	0	0	0	-0.00501105	0	0	0.00281068	0	0	-2.32249e+07
295	0.000857143	0.00828571	5e-07	0	0	0	0	6.936e+08	1.79928e+10	0	1.80062e+10	2.72e+10	0.245261	30	0	-4.0226e-05	0	0	0	-0.00518724	0	0	0.00263448	0	0	-2.28907e+07
316	0.000857143	0.00885714	5e-07	0	0	0	0	9.52e+08	1.6592e+10	0	1.66193e+10	2.72e+10	0.0204436	30	0	-4.0226e-05	0	0	0	-0.00543809	0	0	0.00238363	0	0	-2.24206e+07
337	0.000857143	0.00942857	5e-07	0	0	0	0	1.4008e+09	1.47016e+10	0	1.47682e+10	2.72e+10	0.000525668	30	0	-4.0226e-05	0	0	0	-0.0057606	0	0	0.00206112	0	0	-2.17483e+07
358	0.000857143	0.01	5e-07	0	0	0	0	1.9584e+09	1.20768e+10	0	1.22346e+10	2.72e+10	1.53748e-06	30	0	-4.0226e-05	0	0	0	-0.00622464	0	0	0.00159708	0	0	-2.07886e+07
379	0.000857143	0.0105714	5e-07	0	0	0	0	3.9984e+09	8.84e+09	0	9.70221e+09	2.72e+10	1.16026e-09	30	0	-4.0226e-05	0	0	0	-0.00652867	0	0	0.00129306	0	0	-1.90866e+07
400	0.000857143	0.0111429	5e-07	0	0	0	0	5.78e+09	5.78e+09	0	8.17415e+09	2.72e+10	5.71872e-12	30	0	-4.0226e-05	0	0	0	-0.00703186	0	0	0.00078986	0	0	-1.62928e+07
421	0.000857143	0.0117143	5e-07	0	0	0	0	2.56224e+10	2.2032e+09	0	2.57169e+10	2.72e+10	15430.3	30	0	-4.0226e-05	0	0	0	-0.000423112	0	0	0.00739861	0	0	-7.32069e+06


2	0.00142857	0.000285714	5e-07	0	0	0	0	-2.89816e+10	1.156e+09	0	2.90046e+10	2.72e+10	642785	30	0	-3.57564e-05	0	0	0	0.000657616	0	0	0.00847934	0	0	-8.28046e+06
23	0.00142857	0.000857143	5e-07	0	0	0	0	-8.84e+09	3.9984e+09	0	9.70221e+09	2.72e+10	1.16026e-09	30	0	-3.57564e-05	0	0	0	-0.00652868	0	0	0.00129305	0	0	-1.90866e+07
44	0.00142857	0.00142857	5e-07	0	0	0	0	-6.4464e+09	6.4464e+09	0	9.11659e+09	2.72e+10	1.68411e-10	30	0	-3.57564e-05	0	0	0	-0.0066153	0	0	0.00120643	0	0	-2.34542e+07
65	0.00142857	0.002	5e-07	0	0	0	0	-4.1072e+09	7.8064e+09	0	8.82094e+09	2.72e+10	6.06082e-11	30	0	-3.57564e-05	0	0	0	-0.00690774	0	0	0.000913983	0	0	-2.64695e+07
86	0.00142857	0.00257143	5e-07	0	0	0	0	-2.9104e+09	8.84e+09	0	9.30677e+09	2.72e+10	3.19407e-10	30	0	-3.57564e-05	0	0	0	-0.00696634	0	0	0.000855382	0	0	-2.84745e+07
107	0.00142857	0.00314286	5e-07	0	0	0	0	-2.108e+09	9.6152e+09	0	9.84356e+09	2.72e+10	1.81674e-09	30	0	-3.57564e-05	0	0	0	-0.00700182	0	0	0.000819908	0	0	-2.99083e+07
128	0.00142857	0.00371429	5e-07	0	0	0	0	-1.5096e+09	1.01864e+10	0	1.02977e+10	2.72e+10	7.35285e-09	30	0	-3.57564e-05	0	0	0	-0.00702166	0	0	0.000800064	0	0	-3.09419e+07
149	0.00142857	0.00428571	5e-07	0	0	0	0	-1.0472e+09	1.05944e+10	0	1.0646e+10	2.72e+10	2.06247e-08	30	0	-3.57564e-05	0	0	0	-0.00702993	0	0	0.000791792	0	0	-3.16725e+07
170	0.00142857	0.00485714	5e-07	0	0	0	0	-6.664e+08	1.08664e+10	0	1.08868e+10	2.72e+10	4.1257e-08	30	0	-3.57564e-05	0	0	0	-0.00703449	0	0	0.000787237	0	0	-3.21621e+07
191	0.00142857	0.00542857	5e-07	0	0	0	0	-3.264e+08	1.1016e+10	0	1.10208e+10	2.72e+10	6.02865e-08	30	0	-3.57564e-05	0	0	0	-0.00703893	0	0	0.000782794	0	0	-3.24457e+07
212	0.00142857	0.006	5e-07	0	0	0	0	0	1.10704e+10	0	1.10704e+10	2.72e+10	6.92842e-08	30	0	-3.57564e-05	0	0	0	-0.00704099	0	0	0.000780737	0	0	-3.2539e+07
233	0.00142857	0.00657143	5e-07	0	0	0	0	3.264e+08	1.1016e+10	0	1.10208e+10	2.72e+10	6.02865e-08	30	0	-3.57564e-05	0	0	0	-0.00703887	0	0	0.00078285	0	0	-3.24457e+07
254	0.00142857	0.00714286	5e-07	0	0	0	0	6.664e+08	1.08664e+10	0	1.08868e+10	2.72e+10	4.1257e-08	30	0	-3.57564e-05	0	0	0	-0.00703434	0	0	0.000787387	0	0	-3.21621e+07
275	0.00142857	0.00771429	5e-07	0	0	0	0	1.0472e+09	1.05944e+10	0	1.0646e+10	2.72e+10	2.06247e-08	30	0	-3.57564e-05	0	0	0	-0.00702924	0	0	0.000792488	0	0	-3.16725e+07
296	0.00142857	0.00828571	5e-07	0	0	0	0	1.5096e+09	1.01864e+10	0	1.02977e+10	2.72e+10	7.35285e-09	30	0	-3.57564e-05	0	0	0	-0.0070215	0	0	0.000800221	0	0	-3.09419e+07
317	0.00142857	0.00885714	5e-07	0	0	0	0	2.108e+09	9.6152e+09	0	9.84356e+09	2.72e+10	1.81674e-09	30	0	-3.57564e-05	0	0	0	-0.00700175	0	0	0.000819978	0	0	-2.99083e+07
338	0.00142857	0.00942857	5e-07	0	0	0	0	2.9104e+09	8.84e+09	0	9.30677e+09	2.72e+10	3.19407e-10	30	0	-3.57564e-05	0	0	0	-0.00696631	0	0	0.000855414	0	0	-2.84745e+07
359	0.00142857	0.01	5e-07	0	0	0	0	4.1072e+09	7.8064e+09	0	8.82094e+09	2.72e+10	6.06082e-11	30	0	-3.57564e-05	0	0	0	-0.00690772	0	0	0.000913999	0	0	-2.64695e+07
380	0.00142857	0.0105714	5e-07	0	0	0	0	6.4464e+09	6.4464e+09	0	9.11659e+09	2.72e+10	1.68411e-10	30	0	-3.57564e-05	0	0	0	-0.00661529	0	0	0.00120643	0	0	-2.34542e+07
401	0.00142857	0.0111429	5e-07	0	0	0	0	8.84e+09	3.9984e+09	0	9.70221e+09	2.72e+10	1.16026e-09	30	0	-3.57564e-05	0	0	0	-0.00652867	0	0	0.00129305	0	0	-1.90866e+07
422	0.00142857	0.0117143	5e-07	0	0	0	0	2.89816e+10	1.156e+09	0	2.90046e+10	2.72e+10	642785	30	0	-3.57564e-05	0	0	0	0.00065762	0	0	0.00847934	0	0	-8.28046e+06


3	0.002	0.000285714	5e-07	0	0	0	0	-3.03416e+10	2.04e+08	0	3.03423e+10	2.72e+10	2.60057e+06	30	0	-3.12869e-05	0	0	0	0.00157664	0	0	0.00939836	0	0	-8.66903e+06
24	0.002	0.000857143	5e-07	0	0	0	0	-1.20768e+10	1.9584e+09	0	1.22346e+10	2.72e+10	1.53748e-06	30	0	-3.12869e-05	0	0	0	-0.00622466	0	0	0.00159706	0	0	-2.07886e+07
45	0.002	0.00142857	5e-07	0	0	0	0	-7.8064e+09	4.1072e+09	0	8.82094e+09	2.72e+10	6.06082e-11	30	0	-3.12869e-05	0	0	0	-0.00690774	0	0	0.000913983	0	0	-2.64695e+07
66	0.002	0.002	5e-07	0	0	0	0	-5.2224e+09	5.2224e+09	0	7.38559e+09	2.72e+10	2.46326e-13	30	0	-3.12869e-05	0	0	0	-0.00715602	0	0	0.000665707	0	0	-3.0192e+07
87	0.002	0.00257143	5e-07	0	0	0	0	-3.74e+09	6.1336e+09	0	7.18392e+09	2.72e+10	1.04417e-13	30	0	-3.12869e-05	0	0	0	-0.00721205	0	0	0.000609669	0	0	-3.27527e+07
108	0.002	0.00314286	5e-07	0	0	0	0	-2.7472e+09	6.8272e+09	0	7.3592e+09	2.72e+10	2.20451e-13	30	0	-3.12869e-05	0	0	0	-0.00724423	0	0	0.000577491	0	0	-3.46062e+07
129	0.002	0.00371429	5e-07	0	0	0	0	-1.9584e+09	7.344e+09	0	7.60064e+09	2.72e+10	5.99679e-13	30	0	-3.12869e-05	0	0	0	-0.00725826	0	0	0.000563467	0	0	-3.59506e+07
150	0.002	0.00428571	5e-07	0	0	0	0	-1.3736e+09	7.7112e+09	0	7.83258e+09	2.72e+10	1.52275e-12	30	0	-3.12869e-05	0	0	0	-0.00725794	0	0	0.000563787	0	0	-3.69026e+07
171	0.002	0.00485714	5e-07	0	0	0	0	-8.704e+08	7.9696e+09	0	8.01699e+09	2.72e+10	3.13272e-12	30	0	-3.12869e-05	0	0	0	-0.00726015	0	0	0.000561578	0	0	-3.75438e+07
192	0.002	0.00542857	5e-07	0	0	0	0	-4.216e+08	8.1192e+09	0	8.13014e+09	2.72e+10	4.83735e-12	30	0	-3.12869e-05	0	0	0	-0.00726008	0	0	0.000561641	0	0	-3.79129e+07
213	0.002	0.006	5e-07	0	0	0	0	0	8.16e+09	0	8.16e+09	2.72e+10	5.41959e-12	30	0	-3.12869e-05	0	0	0	-0.00725975	0	0	0.000561975	0	0	-3.80334e+07
234	0.002	0.00657143	5e-07	0	0	0	0	4.216e+08	8.1192e+09	0	8.13014e+09	2.72e+10	4.83735e-12	30	0	-3.12869e-05	0	0	0	-0.00726006	0	0	0.000561665	0	0	-3.79129e+07
255	0.002	0.00714286	5e-07	0	0	0	0	8.704e+08	7.9696e+09	0	8.01699e+09	2.72e+10	3.13272e-12	30	0	-3.12869e-05	0	0	0	-0.00726008	0	0	0.000561639	0	0	-3.75438e+07
276	0.002	0.00771429	5e-07	0	0	0	0	1.3736e+09	7.7112e+09	0	7.83258e+09	2.72e+10	1.52275e-12	30	0	-3.12869e-05	0	0	0	-0.00725782	0	0	0.000563905	0	0	-3.69026e+07
297	0.002	0.00828571	5e-07	0	0	0	0	1.9584e+09	7.344e+09	0	7.60064e+09	2.72e+10	5.99679e-13	30	0	-3.12869e-05	0	0	0	-0.00725819	0	0	0.000563533	0	0	-3.59506e+07
318	0.002	0.00885714	5e-07	0	0	0	0	2.7472e+09	6.8272e+09	0	7.3592e+09	2.72e+10	2.20451e-13	30	0	-3.12869e-05	0	0	0	-0.0072442	0	0	0.000577526	0	0	-3.46062e+07
339	0.002	0.00942857	5e-07	0	0	0	0	3.74e+09	6.1336e+09	0	7.18392e+09	2.72e+10	1.04417e-13	30	0	-3.12869e-05	0	0	0	-0.00721203	0	0	0.00060969	0	0	-3.27527e+07
360	0.002	0.01	5e-07	0	0	0	0	5.2224e+09	5.2224e+09	0	7.38559e+09	2.72e+10	2.46326e-13	30	0	-3.12869e-05	0	0	0	-0.007156	0	0	0.000665719	0	0	-3.0192e+07
381	0.002	0.0105714	5e-07	0	0	0	0	7.8064e+09	4.1072e+09	0	8.82094e+09	2.72e+10	6.06082e-11	30	0	-3.12869e-05	0	0	0	-0.00690773	0	0	0.000913991	0	0	-2.64695e+07
402	0.002	0.0111429	5e-07	0	0	0	0	1.20768e+10	1.9584e+09	0	1.22346e+10	2.72e+10	1.53748e-06	30	0	-3.12869e-05	0	0	0	-0.00622466	0	0	0.00159707	0	0	-2.07886e+07
423	0.002	0.0117143	5e-07	0	0	0	0	3.03416e+10	2.04e+08	0	3.03423e+10	2.72e+10	2.60057e+06	30	0	-3.12869e-05	0	0	0	0.00157664	0	0	0.00939837	0	0	-8.66903e+06


4	0.00257143	0.000285714	5e-07	0	0	0	0	-3.07088e+10	1.632e+08	0	3.07092e+10	2.72e+10	3.77494e+06	30	0	-2.68173e-05	0	0	0	0.00238528	0	0	0.010207	0	0	-8.77394e+06
25	0.00257143	0.000857143	5e-07	0	0	0	0	-1.47016e+10	1.4008e+09	0	1.47682e+10	2.72e+10	0.000525668	30	0	-2.68173e-05	0	0	0	-0.00576065	0	0	0.00206108	0	0	-2.17483e+07
46	0.00257143	0.00142857	5e-07	0	0	0	0	-8.84e+09	2.9104e+09	0	9.30677e+09	2.72e+10	3.19407e-10	30	0	-2.68173e-05	0	0	0	-0.00696634	0	0	0.000855382	0	0	-2.84745e+07
67	0.00257143	0.002	5e-07	0	0	0	0	-6.1336e+09	3.74e+09	0	7.18392e+09	2.72e+10	1.04417e-13	30	0	-2.68173e-05	0	0	0	-0.00721205	0	0	0.000609669	0	0	-3.27527e+07
88	0.00257143	0.00257143	5e-07	0	0	0	0	-4.4336e+09	4.4336e+09	0	6.27006e+09	2.72e+10	1.53811e-15	30	0	-2.68173e-05	0	0	0	-0.00731721	0	0	0.000504517	0	0	-3.57719e+07
109	0.00257143	0.00314286	5e-07	0	0	0	0	-3.2504e+09	4.9368e+09	0	5.91076e+09	2.72e+10	2.46897e-16	30	0	-2.68173e-05	0	0	0	-0.00736909	0	0	0.000452633	0	0	-3.79673e+07
130	0.00257143	0.00371429	5e-07	0	0	0	0	-2.3528e+09	5.3176e+09	0	5.81485e+09	2.72e+10	1.48688e-16	30	0	-2.68173e-05	0	0	0	-0.00739502	0	0	0.000426704	0	0	-3.95682e+07
151	0.00257143	0.00428571	5e-07	0	0	0	0	-1.6456e+09	5.6168e+09	0	5.8529e+09	2.72e+10	1.82002e-16	30	0	-2.68173e-05	0	0	0	-0.00740819	0	0	0.000413531	0	0	-4.07106e+07
172	0.00257143	0.00485714	5e-07	0	0	0	0	-1.0472e+09	5.8072e+09	0	5.90086e+09	2.72e+10	2.34399e-16	30	0	-2.68173e-05	0	0	0	-0.00741708	0	0	0.000404646	0	0	-4.148e+07
193	0.00257143	0.00542857	5e-07	0	0	0	0	-5.032e+08	5.916e+09	0	5.93736e+09	2.72e+10	2.83773e-16	30	0	-2.68173e-05	0	0	0	-0.00742051	0	0	0.000401208	0	0	-4.1923e+07
214	0.00257143	0.006	5e-07	0	0	0	0	0	5.9568e+09	0	5.9568e+09	2.72e+10	3.14033e-16	30	0	-2.68173e-05	0	0	0	-0.00742007	0	0	0.000401656	0	0	-4.20667e+07
235	0.00257143	0.00657143	5e-07	0	0	0	0	5.032e+08	5.916e+09	0	5.93736e+09	2.72e+10	2.83773e-16	30	0	-2.68173e-05	0	0	0	-0.0074205	0	0	0.00040122	0	0	-4.1923e+07
256	0.00257143	0.00714286	5e-07	0	0	0	0	1.0472e+09	5.8072e+09	0	5.90086e+09	2.72e+10	2.34399e-16	30	0	-2.68173e-05	0	0	0	-0.00741705	0	0	0.000404671	0	0	-4.148e+07
277	0.00257143	0.00771429	5e-07	0	0	0	0	1.6456e+09	5.6168e+09	0	5.8529e+09	2.72e+10	1.82002e-16	30	0	-2.68173e-05	0	0	0	-0.00740816	0	0	0.000413565	0	0	-4.07106e+07
298	0.00257143	0.00828571	5e-07	0	0	0	0	2.3528e+09	5.3176e+09	0	5.81485e+09	2.72e+10	1.48688e-16	30	0	-2.68173e-05	0	0	0	-0.00739499	0	0	0.000426732	0	0	-3.95682e+07
319	0.00257143	0.00885714	5e-07	0	0	0	0	3.2504e+09	4.9368e+09	0	5.91076e+09	2.72e+10	2.46897e-16	30	0	-2.68173e-05	0	0	0	-0.00736907	0	0	0.000452652	0	0	-3.79673e+07
340	0.00257143	0.00942857	5e-07	0	0	0	0	4.4336e+09	4.4336e+09	0	6.27006e+09	2.72e+10	1.53811e-15	30	0	-2.68173e-05	0	0	0	-0.00731719	0	0	0.000504529	0	0	-3.57719e+07
361	0.00257143	0.01	5e-07	0	0	0	0	6.1336e+09	3.74e+09	0	7.18392e+09	2.72e+10	1.04417e-13	30	0	-2.68173e-05	0	0	0	-0.00721204	0	0	0.000609679	0	0	-3.27527e+07
382	0.00257143	0.0105714	5e-07	0	0	0	0	8.84e+09	2.9104e+09	0	9.30677e+09	2.72e+10	3.19407e-10	30	0	-2.68173e-05	0	0	0	-0.00696633	0	0	0.000855389	0	0	-2.84745e+07
403	0.00257143	0.0111429	5e-07	0	0	0	0	1.47016e+10	1.4008e+09	0	1.47682e+10	2.72e+10	0.000525668	30	0	-2.68173e-05	0	0	0	-0.00576064	0	0	0.00206108	0	0	-2.17483e+07
424	0.00257143	0.0117143	5e-07	0	0	0	0	3.07088e+10	1.632e+08	0	3.07092e+10	2.72e+10	3.77494e+06	30	0	-2.68173e-05	0	0	0	0.00238529	0	0	0.010207	0	0	-8.77394e+06


5	0.00314286	0.000285714	5e-07	0	0	0	0	-3.094e+10	6.8e+07	0	3.09401e+10	2.72e+10	4.76138e+06	30	0	-2.23478e-05	0	0	0	0.00295453	0	0	0.0107763	0	0	-8.84e+06
26	0.00314286	0.000857143	5e-07	0	0	0	0	-1.6592e+10	9.52e+08	0	1.66193e+10	2.72e+10	0.0204436	30	0	-2.23478e-05	0	0	0	-0.00543824	0	0	0.00238349	0	0	-2.24206e+07
47	0.00314286	0.00142857	5e-07	0	0	0	0	-9.6152e+09	2.108e+09	0	9.84356e+09	2.72e+10	1.81674e-09	30	0	-2.23478e-05	0	0	0	-0.00700182	0	0	0.000819908	0	0	-2.99083e+07
68	0.00314286	0.002	5e-07	0	0	0	0	-6.8272e+09	2.7472e+09	0	7.3592e+09	2.72e+10	2.20451e-13	30	0	-2.23478e-05	0	0	0	-0.00724423	0	0	0.000577491	0	0	-3.46062e+07
89	0.00314286	0.00257143	5e-07	0	0	0	0	-4.9368e+09	3.2504e+09	0	5.91076e+09	2.72e+10	2.46897e-16	30	0	-2.23478e-05	0	0	0	-0.00736909	0	0	0.000452633	0	0	-3.79673e+07
110	0.00314286	0.00314286	5e-07	0	0	0	0	-3.6448e+09	3.6448e+09	0	5.15453e+09	2.72e+10	3.54341e-18	30	0	-2.23478e-05	0	0	0	-0.00742052	0	0	0.000401206	0	0	-4.04192e+07
131	0.00314286	0.00371429	5e-07	0	0	0	0	-2.652e+09	3.9576e+09	0	4.764e+09	2.72e+10	3.08104e-19	30	0	-2.23478e-05	0	0	0	-0.00744881	0	0	0.000372912	0	0	-4.22183e+07
152	0.00314286	0.00428571	5e-07	0	0	0	0	-1.8632e+09	4.1752e+09	0	4.57207e+09	2.72e+10	8.61123e-20	30	0	-2.23478e-05	0	0	0	-0.00746488	0	0	0.000356843	0	0	-4.35083e+07
173	0.00314286	0.00485714	5e-07	0	0	0	0	-1.1832e+09	4.3384e+09	0	4.49685e+09	2.72e+10	5.14917e-20	30	0	-2.23478e-05	0	0	0	-0.0074752	0	0	0.000346523	0	0	-4.43787e+07
194	0.00314286	0.00542857	5e-07	0	0	0	0	-5.712e+08	4.4336e+09	0	4.47024e+09	2.72e+10	4.28389e-20	30	0	-2.23478e-05	0	0	0	-0.00747872	0	0	0.000343006	0	0	-4.488e+07
215	0.00314286	0.006	5e-07	0	0	0	0	0	4.4608e+09	0	4.4608e+09	2.72e+10	4.01205e-20	30	0	-2.23478e-05	0	0	0	-0.00747886	0	0	0.000342866	0	0	-4.50432e+07
236	0.00314286	0.00657143	5e-07	0	0	0	0	5.712e+08	4.4336e+09	0	4.47024e+09	2.72e+10	4.28389e-20	30	0	-2.23478e-05	0	0	0	-0.00747871	0	0	0.000343012	0	0	-4.488e+07
257	0.00314286	0.00714286	5e-07	0	0	0	0	1.1832e+09	4.3384e+09	0	4.49685e+09	2.72e+10	5.14917e-20	30	0	-2.23478e-05	0	0	0	-0.00747519	0	0	0.000346534	0	0	-4.43787e+07
278	0.00314286	0.00771429	5e-07	0	0	0	0	1.8632e+09	4.1752e+09	0	4.57207e+09	2.72e+10	8.61123e-20	30	0	-2.23478e-05	0	0	0	-0.00746487	0	0	0.000356857	0	0	-4.35083e+07
299	0.00314286	0.00828571	5e-07	0	0	0	0	2.652e+09	3.9576e+09	0	4.764e+09	2.72e+10	3.08104e-19	30	0	-2.23478e-05	0	0	0	-0.0074488	0	0	0.000372925	0	0	-4.22183e+07
320	0.00314286	0.00885714	5e-07	0	0	0	0	3.6448e+09	3.6448e+09	0	5.15453e+09	2.72e+10	3.54341e-18	30	0	-2.23478e-05	0	0	0	-0.00742051	0	0	0.000401217	0	0	-4.04192e+07
341	0.00314286	0.00942857	5e-07	0	0	0	0	4.9368e+09	3.2504e+09	0	5.91076e+09	2.72e+10	2.46897e-16	30	0	-2.23478e-05	0	0	0	-0.00736908	0	0	0.000452642	0	0	-3.79673e+07
362	0.00314286	0.01	5e-07	0	0	0	0	6.8272e+09	2.7472e+09	0	7.3592e+09	2.72e+10	2.20451e-13	30	0	-2.23478e-05	0	0	0	-0.00724422	0	0	0.000577499	0	0	-3.46062e+07
383	0.00314286	0.0105714	5e-07	0	0	0	0	9.6152e+09	2.108e+09	0	9.84356e+09	2.72e+10	1.81674e-09	30	0	-2.23478e-05	0	0	0	-0.00700181	0	0	0.000819914	0	0	-2.99083e+07
404	0.00314286	0.0111429	5e-07	0	0	0	0	1.6592e+10	9.52e+08	0	1.66193e+10	2.72e+10	0.0204436	30	0	-2.23478e-05	0	0	0	-0.00543823	0	0	0.00238349	0	0	-2.24206e+07
425	0.00314286	0.0117143	5e-07	0	0	0	0	3.094e+10	6.8e+07	0	3.09401e+10	2.72e+10	4.76138e+06	30	0	-2.23478e-05	0	0	0	0.00295454	0	0	0.0107763	0	0	-8.84e+06


6	0.00371429	0.000285714	5e-07	0	0	0	0	-3.10624e+10	5.44e+07	0	3.10624e+10	2.72e+10	5.38117e+06	30	0	-1.78782e-05	0	0	0	0.00338268	0	0	0.0112044	0	0	-8.87497e+06
27	0.00371429	0.000857143	5e-07	0	0	0	0	-1.79928e+10	6.936e+08	0	1.80062e+10	2.72e+10	0.245261	30	0	-1.78782e-05	0	0	0	-0.00518796	0	0	0.00263377	0	0	-2.28907e+07
48	0.00371429	0.00142857	5e-07	0	0	0	0	-1.01864e+10	1.5096e+09	0	1.02977e+10	2.72e+10	7.35285e-09	30	0	-1.78782e-05	0	0	0	-0.00702166	0	0	0.000800064	0	0	-3.09419e+07
69	0.00371429	0.002	5e-07	0	0	0	0	-7.344e+09	1.9584e+09	0	7.60064e+09	2.72e+10	5.99679e-13	30	0	-1.78782e-05	0	0	0	-0.00725826	0	0	0.000563467	0	0	-3.59506e+07
90	0.00371429	0.00257143	5e-07	0	0	0	0	-5.3176e+09	2.3528e+09	0	5.81485e+09	2.72e+10	1.48688e-16	30	0	-1.78782e-05	0	0	0	-0.00739502	0	0	0.000426704	0	0	-3.95682e+07
111	0.00371429	0.00314286	5e-07	0	0	0	0	-3.9576e+09	2.652e+09	0	4.764e+09	2.72e+10	3.08104e-19	30	0	-1.78782e-05	0	0	0	-0.00744881	0	0	0.000372912	0	0	-4.22183e+07
132	0.00371429	0.00371429	5e-07	0	0	0	0	-2.8832e+09	2.8832e+09	0	4.07746e+09	2.72e+10	2.47545e-21	30	0	-1.78782e-05	0	0	0	-0.007481	0	0	0.000340726	0	0	-4.41728e+07
153	0.00371429	0.00428571	5e-07	0	0	0	0	-2.04e+09	3.0736e+09	0	3.68899e+09	2.72e+10	1.11093e-22	30	0	-1.78782e-05	0	0	0	-0.00750012	0	0	0.000321599	0	0	-4.55794e+07
174	0.00371429	0.00485714	5e-07	0	0	0	0	-1.292e+09	3.196e+09	0	3.44727e+09	2.72e+10	1.35929e-23	30	0	-1.78782e-05	0	0	0	-0.00751446	0	0	0.000307266	0	0	-4.65314e+07
195	0.00371429	0.00542857	5e-07	0	0	0	0	-6.256e+08	3.264e+09	0	3.32341e+09	2.72e+10	4.37203e-24	30	0	-1.78782e-05	0	0	0	-0.00751844	0	0	0.000303279	0	0	-4.70793e+07
216	0.00371429	0.006	5e-07	0	0	0	0	0	3.2912e+09	0	3.2912e+09	2.72e+10	3.23261e-24	30	0	-1.78782e-05	0	0	0	-0.00751907	0	0	0.000302658	0	0	-4.72581e+07
237	0.00371429	0.00657143	5e-07	0	0	0	0	6.256e+08	3.264e+09	0	3.32341e+09	2.72e+10	4.37203e-24	30	0	-1.78782e-05	0	0	0	-0.00751844	0	0	0.000303282	0	0	-4.70793e+07
258	0.00371429	0.00714286	5e-07	0	0	0	0	1.292e+09	3.196e+09	0	3.44727e+09	2.72e+10	1.35929e-23	30	0	-1.78782e-05	0	0	0	-0.00751445	0	0	0.000307271	0	0	-4.65314e+07
279	0.00371429	0.00771429	5e-07	0	0	0	0	2.04e+09	3.0736e+09	0	3.68899e+09	2.72e+10	1.11093e-22	30	0	-1.78782e-05	0	0	0	-0.00750012	0	0	0.000321606	0	0	-4.55794e+07
300	0.00371429	0.00828571	5e-07	0	0	0	0	2.8832e+09	2.8832e+09	0	4.07746e+09	2.72e+10	2.47545e-21	30	0	-1.78782e-05	0	0	0	-0.00748099	0	0	0.000340734	0	0	-4.41728e+07
321	0.00371429	0.00885714	5e-07	0	0	0	0	3.9576e+09	2.652e+09	0	4.764e+09	2.72e+10	3.08104e-19	30	0	-1.78782e-05	0	0	0	-0.0074488	0	0	0.000372919	0	0	-4.22183e+07
342	0.00371429	0.00942857	5e-07	0	0	0	0	5.3176e+09	2.3528e+09	0	5.81485e+09	2.72e+10	1.48688e-16	30	0	-1.78782e-05	0	0	0	-0.00739501	0	0	0.000426711	0	0	-3.95682e+07
363	0.00371429	0.01	5e-07	0	0	0	0	7.344e+09	1.9584e+09	0	7.60064e+09	2.72e+10	5.99679e-13	30	0	-1.78782e-05	0	0	0	-0.00725825	0	0	0.000563475	0	0	-3.59506e+07
384	0.00371429	0.0105714	5e-07	0	0	0	0	1.01864e+10	1.5096e+09	0	1.02977e+10	2.72e+10	7.35285e-09	30	0	-1.78782e-05	0	0	0	-0.00702165	0	0	0.000800072	0	0	-3.09419e+07
405	0.00371429	0.0111429	5e-07	0	0	0	0	1.79928e+10	6.936e+08	0	1.80062e+10	2.72e+10	0.245261	30	0	-1.78782e-05	0	0	0	-0.00518795	0	0	0.00263378	0	0	-2.28907e+07
426	0.00371429	0.0117143	5e-07	0	0	0	0	3.10624e+10	5.44e+07	0	3.10624e+10	2.72e+10	5.38117e+06	30	0	-1.78782e-05	0	0	0	0.00338268	0	0	0.0112044	0	0	-8.87497e+06


7	0.00428571	0.000285714	5e-07	0	0	0	0	-3.1144e+10	2.72e+07	0	3.1144e+10	2.72e+10	5.8369e+06	30	0	-1.34087e-05	0	0	0	0.00368941	0	0	0.0115111	0	0	-8.89829e+06
28	0.00428571	0.000857143	5e-07	0	0	0	0	-1.89856e+10	4.624e+08	0	1.89912e+10	2.72e+10	1.27855	30	0	-1.34087e-05	0	0	0	-0.00500643	0	0	0.00281529	0	0	-2.3221e+07
49	0.00428571	0.00142857	5e-07	0	0	0	0	-1.05944e+10	1.0472e+09	0	1.0646e+10	2.72e+10	2.06247e-08	30	0	-1.34087e-05	0	0	0	-0.00702993	0	0	0.000791792	0	0	-3.16725e+07
70	0.00428571	0.002	5e-07	0	0	0	0	-7.7112e+09	1.3736e+09	0	7.83258e+09	2.72e+10	1.52275e-12	30	0	-1.34087e-05	0	0	0	-0.00725794	0	0	0.000563787	0	0	-3.69026e+07
91	0.00428571	0.00257143	5e-07	0	0	0	0	-5.6168e+09	1.6456e+09	0	5.8529e+09	2.72e+10	1.82002e-16	30	0	-1.34087e-05	0	0	0	-0.00740819	0	0	0.000413531	0	0	-4.07106e+07
112	0.00428571	0.00314286	5e-07	0	0	0	0	-4.1752e+09	1.8632e+09	0	4.57207e+09	2.72e+10	8.61123e-20	30	0	-1.34087e-05	0	0	0	-0.00746488	0	0	0.000356843	0	0	-4.35083e+07
133	0.00428571	0.00371429	5e-07	0	0	0	0	-3.0736e+09	2.04e+09	0	3.68899e+09	2.72e+10	1.11093e-22	30	0	-1.34087e-05	0	0	0	-0.00750012	0	0	0.000321599	0	0	-4.55794e+07
154	0.00428571	0.00428571	5e-07	0	0	0	0	-2.1624e+09	2.1624e+09	0	3.0581e+09	2.72e+10	3.31553e-25	30	0	-1.34087e-05	0	0	0	-0.0075246	0	0	0.000297121	0	0	-4.70754e+07
175	0.00428571	0.00485714	5e-07	0	0	0	0	-1.3736e+09	2.244e+09	0	2.63103e+09	2.72e+10	3.12943e-27	30	0	-1.34087e-05	0	0	0	-0.00753653	0	0	0.000285194	0	0	-4.80857e+07
196	0.00428571	0.00542857	5e-07	0	0	0	0	-6.664e+08	2.2984e+09	0	2.39306e+09	2.72e+10	1.65625e-28	30	0	-1.34087e-05	0	0	0	-0.00754029	0	0	0.000281434	0	0	-4.86686e+07
217	0.00428571	0.006	5e-07	0	0	0	0	0	2.312e+09	0	2.312e+09	2.72e+10	5.69107e-29	30	0	-1.34087e-05	0	0	0	-0.00754111	0	0	0.000280608	0	0	-4.8859e+07
238	0.00428571	0.00657143	5e-07	0	0	0	0	6.664e+08	2.2984e+09	0	2.39306e+09	2.72e+10	1.65625e-28	30	0	-1.34087e-05	0	0	0	-0.00754029	0	0	0.000281435	0	0	-4.86686e+07
259	0.00428571	0.00714286	5e-07	0	0	0	0	1.3736e+09	2.244e+09	0	2.63103e+09	2.72e+10	3.12943e-27	30	0	-1.34087e-05	0	0	0	-0.00753653	0	0	0.000285197	0	0	-4.80857e+07
280	0.00428571	0.00771429	5e-07	0	0	0	0	2.1624e+09	2.1624e+09	0	3.0581e+09	2.72e+10	3.31553e-25	30	0	-1.34087e-05	0	0	0	-0.0075246	0	0	0.000297125	0	0	-4.70754e+07
301	0.00428571	0.00828571	5e-07	0	0	0	0	3.0736e+09	2.04e+09	0	3.68899e+09	2.72e+10	1.11093e-22	30	0	-1.34087e-05	0	0	0	-0.00750012	0	0	0.000321604	0	0	-4.55794e+07
322	0.00428571	0.00885714	5e-07	0	0	0	0	4.1752e+09	1.8632e+09	0	4.57207e+09	2.72e+10	8.61123e-20	30	0	-1.34087e-05	0	0	0	-0.00746487	0	0	0.000356849	0	0	-4.35083e+07
343	0.00428571	0.00942857	5e-07	0	0	0	0	5.6168e+09	1.6456e+09	0	5.8529e+09	2.72e+10	1.82002e-16	30	0	-1.34087e-05	0	0	0	-0.00740818	0	0	0.000413538	0	0	-4.07106e+07
364	0.00428571	0.01	5e-07	0	0	0	0	7.7112e+09	1.3736e+09	0	7.83258e+09	2.72e+10	1.52275e-12	30	0	-1.34087e-05	0	0	0	-0.00725793	0	0	0.000563797	0	0	-3.69026e+07
385	0.00428571	0.0105714	5e-07	0	0	0	0	1.05944e+10	1.0472e+09	0	1.0646e+10	2.72e+10	2.06247e-08	30	0	-1.34087e-05	0	0	0	-0.00702992	0	0	0.000791805	0	0	-3.16725e+07
406	0.00428571	0.0111429	5e-07	0	0	0	0	1.89856e+10	4.624e+08	0	1.89912e+10	2.72e+10	1.27855	30	0	-1.34087e-05	0	0	0	-0.00500641	0	0	0.00281531	0	0	-2.3221e+07
427	0.00428571	0.0117143	5e-07	0	0	0	0	3.1144e+10	2.72e+07	0	3.1144e+10	2.72e+10	5.8369e+06	30	0	-1.34087e-05	0	0	0	0.00368943	0	0	0.0115112	0	0	-8.89829e+06


8	0.00485714	0.000285714	5e-07	0	0	0	0	-3.11984e+10	2.72e+07	0	3.11984e+10	2.72e+10	6.16138e+06	30	0	-8.93911e-06	0	0	0	0.00389626	0	0	0.011718	0	0	-8.91383e+06
29	0.00485714	0.000857143	5e-07	0	0	0	0	-1.9652e+10	3.128e+08	0	1.96545e+10	2.72e+10	3.70583	30	0	-8.93911e-06	0	0	0	-0.0048845	0	0	0.00293723	0	0	-2.34425e+07
50	0.00485714	0.00142857	5e-07	0	0	0	0	-1.08664e+10	6.664e+08	0	1.08868e+10	2.72e+10	4.1257e-08	30	0	-8.93911e-06	0	0	0	-0.00703449	0	0	0.000787237	0	0	-3.21621e+07
71	0.00485714	0.002	5e-07	0	0	0	0	-7.9696e+09	8.704e+08	0	8.01699e+09	2.72e+10	3.13272e-12	30	0	-8.93911e-06	0	0	0	-0.00726015	0	0	0.000561578	0	0	-3.75438e+07
92	0.00485714	0.00257143	5e-07	0	0	0	0	-5.8072e+09	1.0472e+09	0	5.90086e+09	2.72e+10	2.34399e-16	30	0	-8.93911e-06	0	0	0	-0.00741708	0	0	0.000404646	0	0	-4.148e+07
113	0.00485714	0.00314286	5e-07	0	0	0	0	-4.3384e+09	1.1832e+09	0	4.49685e+09	2.72e+10	5.14917e-20	30	0	-8.93911e-06	0	0	0	-0.0074752	0	0	0.000346523	0	0	-4.43787e+07
134	0.00485714	0.00371429	5e-07	0	0	0	0	-3.196e+09	1.292e+09	0	3.44727e+09	2.72e+10	1.35929e-23	30	0	-8.93911e-06	0	0	0	-0.00751446	0	0	0.000307266	0	0	-4.65314e+07
155	0.00485714	0.00428571	5e-07	0	0	0	0	-2.244e+09	1.3736e+09	0	2.63103e+09	2.72e+10	3.12943e-27	30	0	-8.93911e-06	0	0	0	-0.00753653	0	0	0.000285194	0	0	-4.80857e+07
176	0.00485714	0.00485714	5e-07	0	0	0	0	-1.4416e+09	1.4416e+09	0	2.03873e+09	2.72e+10	1.15272e-30	30	0	-8.93911e-06	0	0	0	-0.00754984	0	0	0.000271887	0	0	-4.91387e+07
197	0.00485714	0.00542857	5e-07	0	0	0	0	-6.936e+08	1.4824e+09	0	1.63664e+09	2.72e+10	1.27092e-33	30	0	-8.93911e-06	0	0	0	-0.00755712	0	0	0.000264604	0	0	-4.97488e+07
218	0.00485714	0.006	5e-07	0	0	0	0	0	1.496e+09	0	1.496e+09	2.72e+10	7.84243e-35	30	0	-8.93911e-06	0	0	0	-0.00755724	0	0	0.000264487	0	0	-4.9947e+07
239	0.00485714	0.00657143	5e-07	0	0	0	0	6.936e+08	1.4824e+09	0	1.63664e+09	2.72e+10	1.27092e-33	30	0	-8.93911e-06	0	0	0	-0.00755712	0	0	0.000264605	0	0	-4.97488e+07
260	0.00485714	0.00714286	5e-07	0	0	0	0	1.4416e+09	1.4416e+09	0	2.03873e+09	2.72e+10	1.15272e-30	30	0	-8.93911e-06	0	0	0	-0.00754983	0	0	0.000271889	0	0	-4.91387e+07
281	0.00485714	0.00771429	5e-07	0	0	0	0	2.244e+09	1.3736e+09	0	2.63103e+09	2.72e+10	3.12943e-27	30	0	-8.93911e-06	0	0	0	-0.00753653	0	0	0.000285197	0	0	-4.80857e+07
302	0.00485714	0.00828571	5e-07	0	0	0	0	3.196e+09	1.292e+09	0	3.44727e+09	2.72e+10	1.35929e-23	30	0	-8.93911e-06	0	0	0	-0.00751445	0	0	0.00030727	0	0	-4.65314e+07
323	0.00485714	0.00885714	5e-07	0	0	0	0	4.3384e+09	1.1832e+09	0	4.49685e+09	2.72e+10	5.14917e-20	30	0	-8.93911e-06	0	0	0	-0.00747519	0	0	0.000346529	0	0	-4.43787e+07
344	0.00485714	0.00942857	5e-07	0	0	0	0	5.8072e+09	1.0472e+09	0	5.90086e+09	2.72e+10	2.34399e-16	30	0	-8.93911e-06	0	0	0	-0.00741707	0	0	0.000404655	0	0	-4.148e+07
365	0.00485714	0.01	5e-07	0	0	0	0	7.9696e+09	8.704e+08	0	8.01699e+09	2.72e+10	3.13272e-12	30	0	-8.93911e-06	0	0	0	-0.00726013	0	0	0.000561593	0	0	-3.75438e+07
386	0.00485714	0.0105714	5e-07	0	0	0	0	1.08664e+10	6.664e+08	0	1.08868e+10	2.72e+10	4.1257e-08	30	0	-8.93911e-06	0	0	0	-0.00703446	0	0	0.000787262	0	0	-3.21621e+07
407	0.00485714	0.0111429	5e-07	0	0	0	0	1.9652e+10	3.128e+08	0	1.96545e+10	2.72e+10	3.70583	30	0	-8.93911e-06	0	0	0	-0.00488446	0	0	0.00293726	0	0	-2.34425e+07
428	0.00485714	0.0117143	5e-07	0	0	0	0	3.11984e+10	2.72e+07	0	3.11984e+10	2.72e+10	6.16138e+06	30	0	-8.93911e-06	0	0	0	0.0038963	0	0	0.011718	0	0	-8.91383e+06


9	0.00542857	0.000285714	5e-07	0	0	0	0	-3.12256e+10	-3.10862e-06	0	3.12256e+10	2.72e+10	6.33003e+06	30	0	-4.46956e-06	0	0	0	0.004018	0	0	0.0118397	0	0	-8.9216e+06
30	0.00542857	0.000857143	5e-07	0	0	0	0	-2.00464e+10	1.36e+08	0	2.00469e+10	2.72e+10	6.83926	30	0	-4.46956e-06	0	0	0	-0.00481455	0	0	0.00300717	0	0	-2.35707e+07
51	0.00542857	0.00142857	5e-07	0	0	0	0	-1.1016e+10	3.264e+08	0	1.10208e+10	2.72e+10	6.02865e-08	30	0	-4.46956e-06	0	0	0	-0.00703893	0	0	0.000782794	0	0	-3.24457e+07
72	0.00542857	0.002	5e-07	0	0	0	0	-8.1192e+09	4.216e+08	0	8.13014e+09	2.72e+10	4.83735e-12	30	0	-4.46956e-06	0	0	0	-0.00726008	0	0	0.000561641	0	0	-3.79129e+07
93	0.00542857	0.00257143	5e-07	0	0	0	0	-5.916e+09	5.032e+08	0	5.93736e+09	2.72e+10	2.83773e-16	30	0	-4.46956e-06	0	0	0	-0.00742051	0	0	0.000401208	0	0	-4.1923e+07
114	0.00542857	0.00314286	5e-07	0	0	0	0	-4.4336e+09	5.712e+08	0	4.47024e+09	2.72e+10	4.28389e-20	30	0	-4.46956e-06	0	0	0	-0.00747872	0	0	0.000343006	0	0	-4.488e+07
135	0.00542857	0.00371429	5e-07	0	0	0	0	-3.264e+09	6.256e+08	0	3.32341e+09	2.72e+10	4.37203e-24	30	0	-4.46956e-06	0	0	0	-0.00751844	0	0	0.000303279	0	0	-4.70793e+07
156	0.00542857	0.00428571	5e-07	0	0	0	0	-2.2984e+09	6.664e+08	0	2.39306e+09	2.72e+10	1.65625e-28	30	0	-4.46956e-06	0	0	0	-0.00754029	0	0	0.000281434	0	0	-4.86686e+07
177	0.00542857	0.00485714	5e-07	0	0	0	0	-1.4824e+09	6.936e+08	0	1.63664e+09	2.72e+10	1.27092e-33	30	0	-4.46956e-06	0	0	0	-0.00755712	0	0	0.000264604	0	0	-4.97488e+07
198	0.00542857	0.00542857	5e-07	0	0	0	0	-7.072e+08	7.072e+08	0	1.00013e+09	2.72e+10	2.97403e-40	30	0	-4.46956e-06	0	0	0	-0.00756538	0	0	0.000256346	0	0	-5.03744e+07
219	0.00542857	0.006	5e-07	0	0	0	0	0	7.072e+08	0	7.072e+08	2.72e+10	6.41772e-45	30	0	-4.46956e-06	0	0	0	-0.00756417	0	0	0.00025755	0	0	-5.05765e+07
240	0.00542857	0.00657143	5e-07	0	0	0	0	7.072e+08	7.072e+08	0	1.00013e+09	2.72e+10	2.97403e-40	30	0	-4.46956e-06	0	0	0	-0.00756538	0	0	0.000256347	0	0	-5.03744e+07
261	0.00542857	0.00714286	5e-07	0	0	0	0	1.4824e+09	6.936e+08	0	1.63664e+09	2.72e+10	1.27092e-33	30	0	-4.46956e-06	0	0	0	-0.00755712	0	0	0.000264605	0	0	-4.97488e+07
282	0.00542857	0.00771429	5e-07	0	0	0	0	2.2984e+09	6.664e+08	0	2.39306e+09	2.72e+10	1.65625e-28	30	0	-4.46956e-06	0	0	0	-0.00754029	0	0	0.000281436	0	0	-4.86686e+07
303	0.00542857	0.00828571	5e-07	0	0	0	0	3.264e+09	6.256e+08	0	3.32341e+09	2.72e+10	4.37203e-24	30	0	-4.46956e-06	0	0	0	-0.00751844	0	0	0.000303283	0	0	-4.70793e+07
324	0.00542857	0.00885714	5e-07	0	0	0	0	4.4336e+09	5.712e+08	0	4.47024e+09	2.72e+10	4.28389e-20	30	0	-4.46956e-06	0	0	0	-0.00747871	0	0	0.000343013	0	0	-4.488e+07
345	0.00542857	0.00942857	5e-07	0	0	0	0	5.916e+09	5.032e+08	0	5.93736e+09	2.72e+10	2.83773e-16	30	0	-4.46956e-06	0	0	0	-0.0074205	0	0	0.000401221	0	0	-4.1923e+07
366	0.00542857	0.01	5e-07	0	0	0	0	8.1192e+09	4.216e+08	0	8.13014e+09	2.72e+10	4.83735e-12	30	0	-4.46956e-06	0	0	0	-0.00726006	0	0	0.000561667	0	0	-3.79129e+07
387	0.00542857	0.0105714	5e-07	0	0	0	0	1.1016e+10	3.264e+08	0	1.10208e+10	2.72e+10	6.02865e-08	30	0	-4.46956e-06	0	0	0	-0.00703887	0	0	0.000782851	0	0	-3.24457e+07
408	0.00542857	0.0111429	5e-07	0	0	0	0	2.00464e+10	1.36e+08	0	2.00469e+10	2.72e+10	6.83926	30	0	-4.46956e-06	0	0	0	-0.00481443	0	0	0.00300729	0	0	-2.35707e+07
429	0.00542857	0.0117143	5e-07	0	0	0	0	3.12256e+10	-3.10862e-06	0	3.12256e+10	2.72e+10	6.33003e+06	30	0	-4.46956e-06	0	0	0	0.00401812	0	0	0.0118398	0	0	-8.9216e+06


10	0.006	0.000285714	5e-07	0	0	0	0	-3.12392e+10	1.36e+07	0	3.12392e+10	2.72e+10	6.41608e+06	30	0	6.78426e-21	0	0	0	0.00405588	0	0	0.0118776	0	0	-8.92549e+06
31	0.006	0.000857143	5e-07	0	0	0	0	-2.01688e+10	1.36e+07	0	2.01688e+10	2.72e+10	8.25384	30	0	6.78426e-21	0	0	0	-0.00479262	0	0	0.0030291	0	0	-2.36135e+07
52	0.006	0.00142857	5e-07	0	0	0	0	-1.10704e+10	0	0	1.10704e+10	2.72e+10	6.92842e-08	30	0	6.78426e-21	0	0	0	-0.00704099	0	0	0.000780737	0	0	-3.2539e+07
73	0.006	0.002	5e-07	0	0	0	0	-8.16e+09	0	0	8.16e+09	2.72e+10	5.41959e-12	30	0	6.78426e-21	0	0	0	-0.00725975	0	0	0.000561975	0	0	-3.80334e+07
94	0.006	0.00257143	5e-07	0	0	0	0	-5.9568e+09	0	0	5.9568e+09	2.72e+10	3.14033e-16	30	0	6.78426e-21	0	0	0	-0.00742007	0	0	0.000401656	0	0	-4.20667e+07
115	0.006	0.00314286	5e-07	0	0	0	0	-4.4608e+09	0	0	4.4608e+09	2.72e+10	4.01205e-20	30	0	6.78426e-21	0	0	0	-0.00747886	0	0	0.000342866	0	0	-4.50432e+07
136	0.006	0.00371429	5e-07	0	0	0	0	-3.2912e+09	0	0	3.2912e+09	2.72e+10	3.23261e-24	30	0	6.78426e-21	0	0	0	-0.00751907	0	0	0.000302658	0	0	-4.72581e+07
157	0.006	0.00428571	5e-07	0	0	0	0	-2.312e+09	0	0	2.312e+09	2.72e+10	5.69107e-29	30	0	6.78426e-21	0	0	0	-0.00754111	0	0	0.000280608	0	0	-4.8859e+07
178	0.006	0.00485714	5e-07	0	0	0	0	-1.496e+09	0	0	1.496e+09	2.72e+10	7.84243e-35	30	0	6.78426e-21	0	0	0	-0.00755724	0	0	0.000264487	0	0	-4.9947e+07
199	0.006	0.00542857	5e-07	0	0	0	0	-7.072e+08	0	0	7.072e+08	2.72e+10	6.41772e-45	30	0	6.78426e-21	0	0	0	-0.00756417	0	0	0.00025755	0	0	-5.05765e+07
220	0.006	0.006	5e-07	0	0	0	0	0	0	0	0	2.72e+10	0	30	0	6.78426e-21	0	0	0	-0.00756058	0	0	0.000261141	0	0	-5.07785e+07
241	0.006	0.00657143	5e-07	0	0	0	0	7.072e+08	0	0	7.072e+08	2.72e+10	6.41772e-45	30	0	6.78426e-21	0	0	0	-0.00756417	0	0	0.000257551	0	0	-5.05765e+07
262	0.006	0.00714286	5e-07	0	0	0	0	1.496e+09	0	0	1.496e+09	2.72e+10	7.84243e-35	30	0	6.78426e-21	0	0	0	-0.00755723	0	0	0.000264488	0	0	-4.9947e+07
283	0.006	0.00771429	5e-07	0	0	0	0	2.312e+09	0	0	2.312e+09	2.72e+10	5.69107e-29	30	0	6.78426e-21	0	0	0	-0.00754111	0	0	0.00028061	0	0	-4.8859e+07
304	0.006	0.00828571	5e-07	0	0	0	0	3.2912e+09	0	0	3.2912e+09	2.72e+10	3.23261e-24	30	0	6.78426e-21	0	0	0	-0.00751906	0	0	0.000302662	0	0	-4.72581e+07
325	0.006	0.00885714	5e-07	0	0	0	0	4.4608e+09	0	0	4.4608e+09	2.72e+10	4.01205e-20	30	0	6.78426e-21	0	0	0	-0.00747885	0	0	0.000342874	0	0	-4.50432e+07
346	0.006	0.00942857	5e-07	0	0	0	0	5.9568e+09	0	0	5.9568e+09	2.72e+10	3.14033e-16	30	0	6.78426e-21	0	0	0	-0.00742005	0	0	0.000401674	0	0	-4.20667e+07
367	0.006	0.01	5e-07	0	0	0	0	8.16e+09	0	0	8.16e+09	2.72e+10	5.41959e-12	30	0	6.78426e-21	0	0	0	-0.0072597	0	0	0.000562023	0	0	-3.80334e+07
388	0.006	0.0105714	5e-07	0	0	0	0	1.10704e+10	0	0	1.10704e+10	2.72e+10	6.92842e-08	30	0	6.78426e-21	0	0	0	-0.00704086	0	0	0.000780865	0	0	-3.2539e+07
409	0.006	0.0111429	5e-07	0	0	0	0	2.01688e+10	1.36e+07	0	2.01688e+10	2.72e+10	8.25384	30	0	6.78426e-21	0	0	0	-0.00479195	0	0	0.00302977	0	0	-2.36135e+07
430	0.006	0.0117143	5e-07	0	0	0	0	3.12392e+10	1.36e+07	0	3.12392e+10	2.72e+10	6.41608e+06	30	0	6.78426e-21	0	0	0	0.00405655	0	0	0.0118783	0	0	-8.92549e+06


11	0.00657143	0.000285714	5e-07	0	0	0	0	-3.12256e+10	-2.72e+07	0	3.12256e+10	2.72e+10	6.3301e+06	30	0	4.46956e-06	0	0	0	0.00401812	0	0	0.0118398	0	0	-8.9216e+06
32	0.00657143	0.000857143	5e-07	0	0	0	0	-2.00464e+10	-1.632e+08	0	2.00471e+10	2.72e+10	6.84141	30	0	4.46956e-06	0	0	0	-0.00481443	0	0	0.00300729	0	0	-2.35707e+07
53	0.00657143	0.00142857	5e-07	0	0	0	0	-1.1016e+10	-3.264e+08	0	1.10208e+10	2.72e+10	6.02865e-08	30	0	4.46956e-06	0	0	0	-0.00703887	0	0	0.00078285	0	0	-3.24457e+07
74	0.00657143	0.002	5e-07	0	0	0	0	-8.1192e+09	-4.216e+08	0	8.13014e+09	2.72e+10	4.83735e-12	30	0	4.46956e-06	0	0	0	-0.00726006	0	0	0.000561665	0	0	-3.79129e+07
95	0.00657143	0.00257143	5e-07	0	0	0	0	-5.916e+09	-5.032e+08	0	5.93736e+09	2.72e+10	2.83773e-16	30	0	4.46956e-06	0	0	0	-0.0074205	0	0	0.00040122	0	0	-4.1923e+07
116	0.00657143	0.00314286	5e-07	0	0	0	0	-4.4336e+09	-5.712e+08	0	4.47024e+09	2.72e+10	4.28389e-20	30	0	4.46956e-06	0	0	0	-0.00747871	0	0	0.000343012	0	0	-4.488e+07
137	0.00657143	0.00371429	5e-07	0	0	0	0	-3.264e+09	-6.256e+08	0	3.32341e+09	2.72e+10	4.37203e-24	30	0	4.46956e-06	0	0	0	-0.00751844	0	0	0.000303282	0	0	-4.70793e+07
158	0.00657143	0.00428571	5e-07	0	0	0	0	-2.2984e+09	-6.664e+08	0	2.39306e+09	2.72e+10	1.65625e-28	30	0	4.46956e-06	0	0	0	-0.00754029	0	0	0.000281435	0	0	-4.86686e+07
179	0.00657143	0.00485714	5e-07	0	0	0	0	-1.4824e+09	-6.936e+08	0	1.63664e+09	2.72e+10	1.27092e-33	30	0	4.46956e-06	0	0	0	-0.00755712	0	0	0.000264605	0	0	-4.97488e+07
200	0.00657143	0.00542857	5e-07	0	0	0	0	-7.072e+08	-7.072e+08	0	1.00013e+09	2.72e+10	2.97403e-40	30	0	4.46956e-06	0	0	0	-0.00756538	0	0	0.000256347	0	0	-5.03744e+07
221	0.00657143	0.006	5e-07	0	0	0	0	0	-7.072e+08	0	7.072e+08	2.72e+10	6.41772e-45	30	0	4.46956e-06	0	0	0	-0.00756417	0	0	0.000257551	0	0	-5.05765e+07
242	0.00657143	0.00657143	5e-07	0	0	0	0	7.072e+08	-7.072e+08	0	1.00013e+09	2.72e+10	2.97403e-40	30	0	4.46956e-06	0	0	0	-0.00756538	0	0	0.000256347	0	0	-5.03744e+07
263	0.00657143	0.00714286	5e-07	0	0	0	0	1.4824e+09	-6.936e+08	0	1.63664e+09	2.72e+10	1.27092e-33	30	0	4.46956e-06	0	0	0	-0.00755712	0	0	0.000264606	0	0	-4.97488e+07
284	0.00657143	0.00771429	5e-07	0	0	0	0	2.2984e+09	-6.664e+08	0	2.39306e+09	2.72e+10	1.65625e-28	30	0	4.46956e-06	0	0	0	-0.00754029	0	0	0.000281437	0	0	-4.86686e+07
305	0.00657143	0.00828571	5e-07	0	0	0	0	3.264e+09	-6.256e+08	0	3.32341e+09	2.72e+10	4.37203e-24	30	0	4.46956e-06	0	0	0	-0.00751844	0	0	0.000303285	0	0	-4.70793e+07
326	0.00657143	0.00885714	5e-07	0	0	0	0	4.4336e+09	-5.712e+08	0	4.47024e+09	2.72e+10	4.28389e-20	30	0	4.46956e-06	0	0	0	-0.00747871	0	0	0.000343018	0	0	-4.488e+07
347	0.00657143	0.00942857	5e-07	0	0	0	0	5.916e+09	-5.032e+08	0	5.93736e+09	2.72e+10	2.83773e-16	30	0	4.46956e-06	0	0	0	-0.00742048	0	0	0.000401238	0	0	-4.1923e+07
368	0.00657143	0.01	5e-07	0	0	0	0	8.1192e+09	-4.216e+08	0	8.13014e+09	2.72e+10	4.83735e-12	30	0	4.46956e-06	0	0	0	-0.00725997	0	0	0.000561752	0	0	-3.79129e+07
389	0.00657143	0.0105714	5e-07	0	0	0	0	1.1016e+10	-3.264e+08	0	1.10208e+10	2.72e+10	6.02865e-08	30	0	4.46956e-06	0	0	0	-0.00703824	0	0	0.00078348	0	0	-3.24457e+07
410	0.00657143	0.0111429	5e-07	0	0	0	0	2.00328e+10	-1.496e+08	0	2.00334e+10	2.72e+10	6.69789	30	0	4.46956e-06	0	0	0	-0.00481918	0	0	0.00300254	0	0	-2.35746e+07
431	0.00657143	0.0117143	5e-07	0	0	0	0	3.12392e+10	-1.36e+07	0	3.12392e+10	2.72e+10	6.41608e+06	30	0	4.46956e-06	0	0	0	0.00401337	0	0	0.0118351	0	0	-8.92549e+06


12	0.00714286	0.000285714	5e-07	0	0	0	0	-3.11984e+10	3.10862e-06	0	3.11984e+10	2.72e+10	6.16131e+06	30	0	8.93911e-06	0	0	0	0.00389697	0	0	0.0117187	0	0	-8.91383e+06
33	0.00714286	0.000857143	5e-07	0	0	0	0	-1.9652e+10	-2.856e+08	0	1.96541e+10	2.72e+10	3.70341	30	0	8.93911e-06	0	0	0	-0.00488379	0	0	0.00293793	0	0	-2.34425e+07
54	0.00714286	0.00142857	5e-07	0	0	0	0	-1.08664e+10	-6.664e+08	0	1.08868e+10	2.72e+10	4.1257e-08	30	0	8.93911e-06	0	0	0	-0.00703434	0	0	0.000787387	0	0	-3.21621e+07
75	0.00714286	0.002	5e-07	0	0	0	0	-7.9696e+09	-8.704e+08	0	8.01699e+09	2.72e+10	3.13272e-12	30	0	8.93911e-06	0	0	0	-0.00726008	0	0	0.000561639	0	0	-3.75438e+07
96	0.00714286	0.00257143	5e-07	0	0	0	0	-5.8072e+09	-1.0472e+09	0	5.90086e+09	2.72e+10	2.34399e-16	30	0	8.93911e-06	0	0	0	-0.00741705	0	0	0.000404671	0	0	-4.148e+07
117	0.00714286	0.00314286	5e-07	0	0	0	0	-4.3384e+09	-1.1832e+09	0	4.49685e+09	2.72e+10	5.14917e-20	30	0	8.93911e-06	0	0	0	-0.00747519	0	0	0.000346534	0	0	-4.43787e+07
138	0.00714286	0.00371429	5e-07	0	0	0	0	-3.196e+09	-1.292e+09	0	3.44727e+09	2.72e+10	1.35929e-23	30	0	8.93911e-06	0	0	0	-0.00751445	0	0	0.000307271	0	0	-4.65314e+07
159	0.00714286	0.00428571	5e-07	0	0	0	0	-2.244e+09	-1.3736e+09	0	2.63103e+09	2.72e+10	3.12943e-27	30	0	8.93911e-06	0	0	0	-0.00753653	0	0	0.000285197	0	0	-4.80857e+07
180	0.00714286	0.00485714	5e-07	0	0	0	0	-1.4416e+09	-1.4416e+09	0	2.03873e+09	2.72e+10	1.15272e-30	30	0	8.93911e-06	0	0	0	-0.00754983	0	0	0.000271889	0	0	-4.91387e+07
201	0.00714286	0.00542857	5e-07	0	0	0	0	-6.936e+08	-1.4824e+09	0	1.63664e+09	2.72e+10	1.27092e-33	30	0	8.93911e-06	0	0	0	-0.00755712	0	0	0.000264605	0	0	-4.97488e+07
222	0.00714286	0.006	5e-07	0	0	0	0	0	-1.496e+09	0	1.496e+09	2.72e+10	7.84243e-35	30	0	8.93911e-06	0	0	0	-0.00755723	0	0	0.000264488	0	0	-4.9947e+07
243	0.00714286	0.00657143	5e-07	0	0	0	0	6.936e+08	-1.4824e+09	0	1.63664e+09	2.72e+10	1.27092e-33	30	0	8.93911e-06	0	0	0	-0.00755712	0	0	0.000264606	0	0	-4.97488e+07
264	0.00714286	0.00714286	5e-07	0	0	0	0	1.4416e+09	-1.4416e+09	0	2.03873e+09	2.72e+10	1.15272e-30	30	0	8.93911e-06	0	0	0	-0.00754983	0	0	0.00027189	0	0	-4.91387e+07
285	0.00714286	0.00771429	5e-07	0	0	0	0	2.244e+09	-1.3736e+09	0	2.63103e+09	2.72e+10	3.12943e-27	30	0	8.93911e-06	0	0	0	-0.00753653	0	0	0.000285198	0	0	-4.80857e+07
306	0.00714286	0.00828571	5e-07	0	0	0	0	3.196e+09	-1.292e+09	0	3.44727e+09	2.72e+10	1.35929e-23	30	0	8.93911e-06	0	0	0	-0.00751445	0	0	0.000307272	0	0	-4.65314e+07
327	0.00714286	0.00885714	5e-07	0	0	0	0	4.3384e+09	-1.1832e+09	0	4.49685e+09	2.72e+10	5.14917e-20	30	0	8.93911e-06	0	0	0	-0.00747519	0	0	0.000346535	0	0	-4.43787e+07
348	0.00714286	0.00942857	5e-07	0	0	0	0	5.8072e+09	-1.0472e+09	0	5.90086e+09	2.72e+10	2.34399e-16	30	0	8.93911e-06	0	0	0	-0.00741705	0	0	0.000404672	0	0	-4.148e+07
369	0.00714286	0.01	5e-07	0	0	0	0	7.9696e+09	-8.704e+08	0	8.01699e+09	2.72e+10	3.13272e-12	30	0	8.93911e-06	0	0	0	-0.00726008	0	0	0.00056164	0	0	-3.75438e+07
390	0.00714286	0.0105714	5e-07	0	0	0	0	1.08664e+10	-6.664e+08	0	1.08868e+10	2.72e+10	4.1257e-08	30	0	8.93911e-06	0	0	0	-0.00703434	0	0	0.000787388	0	0	-3.21621e+07
411	0.00714286	0.0111429	5e-07	0	0	0	0	1.9652e+10	-3.128e+08	0	1.96545e+10	2.72e+10	3.70583	30	0	8.93911e-06	0	0	0	-0.00488379	0	0	0.00293793	0	0	-2.34425e+07
432	0.00714286	0.0117143	5e-07	0	0	0	0	3.11984e+10	-2.72e+07	0	3.11984e+10	2.72e+10	6.16138e+06	30	0	8.93911e-06	0	0	0	0.00389697	0	0	0.0117187	0	0	-8.91383e+06


13	0.00771429	0.000285714	5e-07	0	0	0	0	-3.11576e+10	-4.08e+07	0	3.11576e+10	2.72e+10	5.91652e+06	30	0	1.34087e-05	0	0	0	0.0036848	0	0	0.0115065	0	0	-8.90217e+06
34	0.00771429	0.000857143	5e-07	0	0	0	0	-1.8972e+10	-4.76e+08	0	1.8978e+10	2.72e+10	1.25116	30	0	1.34087e-05	0	0	0	-0.00501105	0	0	0.00281068	0	0	-2.32249e+07
55	0.00771429	0.00142857	5e-07	0	0	0	0	-1.05944e+10	-1.0472e+09	0	1.0646e+10	2.72e+10	2.06247e-08	30	0	1.34087e-05	0	0	0	-0.00702924	0	0	0.000792488	0	0	-3.16725e+07
76	0.00771429	0.002	5e-07	0	0	0	0	-7.7112e+09	-1.3736e+09	0	7.83258e+09	2.72e+10	1.52275e-12	30	0	1.34087e-05	0	0	0	-0.00725782	0	0	0.000563905	0	0	-3.69026e+07
97	0.00771429	0.00257143	5e-07	0	0	0	0	-5.6168e+09	-1.6456e+09	0	5.8529e+09	2.72e+10	1.82002e-16	30	0	1.34087e-05	0	0	0	-0.00740816	0	0	0.000413565	0	0	-4.07106e+07
118	0.00771429	0.00314286	5e-07	0	0	0	0	-4.1752e+09	-1.8632e+09	0	4.57207e+09	2.72e+10	8.61123e-20	30	0	1.34087e-05	0	0	0	-0.00746487	0	0	0.000356857	0	0	-4.35083e+07
139	0.00771429	0.00371429	5e-07	0	0	0	0	-3.0736e+09	-2.04e+09	0	3.68899e+09	2.72e+10	1.11093e-22	30	0	1.34087e-05	0	0	0	-0.00750012	0	0	0.000321606	0	0	-4.55794e+07
160	0.00771429	0.00428571	5e-07	0	0	0	0	-2.1624e+09	-2.1624e+09	0	3.0581e+09	2.72e+10	3.31553e-25	30	0	1.34087e-05	0	0	0	-0.0075246	0	0	0.000297125	0	0	-4.70754e+07
181	0.00771429	0.00485714	5e-07	0	0	0	0	-1.3736e+09	-2.244e+09	0	2.63103e+09	2.72e+10	3.12943e-27	30	0	1.34087e-05	0	0	0	-0.00753653	0	0	0.000285197	0	0	-4.80857e+07
202	0.00771429	0.00542857	5e-07	0	0	0	0	-6.664e+08	-2.2984e+09	0	2.39306e+09	2.72e+10	1.65625e-28	30	0	1.34087e-05	0	0	0	-0.00754029	0	0	0.000281436	0	0	-4.86686e+07
223	0.00771429	0.006	5e-07	0	0	0	0	0	-2.312e+09	0	2.312e+09	2.72e+10	5.69107e-29	30	0	1.34087e-05	0	0	0	-0.00754111	0	0	0.00028061	0	0	-4.8859e+07
244	0.00771429	0.00657143	5e-07	0	0	0	0	6.664e+08	-2.2984e+09	0	2.39306e+09	2.72e+10	1.65625e-28	30	0	1.34087e-05	0	0	0	-0.00754029	0	0	0.000281437	0	0	-4.86686e+07
265	0.00771429	0.00714286	5e-07	0	0	0	0	1.3736e+09	-2.244e+09	0	2.63103e+09	2.72e+10	3.12943e-27	30	0	1.34087e-05	0	0	0	-0.00753653	0	0	0.000285198	0	0	-4.80857e+07
286	0.00771429	0.00771429	5e-07	0	0	0	0	2.1624e+09	-2.1624e+09	0	3.0581e+09	2.72e+10	3.31553e-25	30	0	1.34087e-05	0	0	0	-0.0075246	0	0	0.000297126	0	0	-4.70754e+07
307	0.00771429	0.00828571	5e-07	0	0	0	0	3.0736e+09	-2.04e+09	0	3.68899e+09	2.72e+10	1.11093e-22	30	0	1.34087e-05	0	0	0	-0.00750012	0	0	0.000321606	0	0	-4.55794e+07
328	0.00771429	0.00885714	5e-07	0	0	0	0	4.1752e+09	-1.8632e+09	0	4.57207e+09	2.72e+10	8.61123e-20	30	0	1.34087e-05	0	0	0	-0.00746487	0	0	0.000356853	0	0	-4.35083e+07
349	0.00771429	0.00942857	5e-07	0	0	0	0	5.6168e+09	-1.6456e+09	0	5.8529e+09	2.72e+10	1.82002e-16	30	0	1.34087e-05	0	0	0	-0.00740817	0	0	0.000413549	0	0	-4.07106e+07
370	0.00771429	0.01	5e-07	0	0	0	0	7.7112e+09	-1.3736e+09	0	7.83258e+09	2.72e+10	1.52275e-12	30	0	1.34087e-05	0	0	0	-0.0072579	0	0	0.00056382	0	0	-3.69026e+07
391	0.00771429	0.0105714	5e-07	0	0	0	0	1.05944e+10	-1.0472e+09	0	1.0646e+10	2.72e+10	2.06247e-08	30	0	1.34087e-05	0	0	0	-0.00702986	0	0	0.00079186	0	0	-3.16725e+07
412	0.00771429	0.0111429	5e-07	0	0	0	0	1.89856e+10	-4.624e+08	0	1.89912e+10	2.72e+10	1.27855	30	0	1.34087e-05	0	0	0	-0.00500629	0	0	0.00281543	0	0	-2.3221e+07
433	0.00771429	0.0117143	5e-07	0	0	0	0	3.1144e+10	-2.72e+07	0	3.1144e+10	2.72e+10	5.8369e+06	30	0	1.34087e-05	0	0	0	0.00368955	0	0	0.0115113	0	0	-8.89829e+06


14	0.00828571	0.000285714	5e-07	0	0	0	0	-3.10624e+10	-5.44e+07	0	3.10624e+10	2.72e+10	5.38117e+06	30	0	1.78782e-05	0	0	0	0.00338339	0	0	0.0112051	0	0	-8.87497e+06
35	0.00828571	0.000857143	5e-07	0	0	0	0	-1.79928e+10	-6.936e+08	0	1.80062e+10	2.72e+10	0.245261	30	0	1.78782e-05	0	0	0	-0.00518724	0	0	0.00263448	0	0	-2.28907e+07
56	0.00828571	0.00142857	5e-07	0	0	0	0	-1.01864e+10	-1.5096e+09	0	1.02977e+10	2.72e+10	7.35285e-09	30	0	1.78782e-05	0	0	0	-0.0070215	0	0	0.000800221	0	0	-3.09419e+07
77	0.00828571	0.002	5e-07	0	0	0	0	-7.344e+09	-1.9584e+09	0	7.60064e+09	2.72e+10	5.99679e-13	30	0	1.78782e-05	0	0	0	-0.00725819	0	0	0.000563533	0	0	-3.59506e+07
98	0.00828571	0.00257143	5e-07	0	0	0	0	-5.3176e+09	-2.3528e+09	0	5.81485e+09	2.72e+10	1.48688e-16	30	0	1.78782e-05	0	0	0	-0.00739499	0	0	0.000426732	0	0	-3.95682e+07
119	0.00828571	0.00314286	5e-07	0	0	0	0	-3.9576e+09	-2.652e+09	0	4.764e+09	2.72e+10	3.08104e-19	30	0	1.78782e-05	0	0	0	-0.0074488	0	0	0.000372925	0	0	-4.22183e+07
140	0.00828571	0.00371429	5e-07	0	0	0	0	-2.8832e+09	-2.8832e+09	0	4.07746e+09	2.72e+10	2.47545e-21	30	0	1.78782e-05	0	0	0	-0.00748099	0	0	0.000340734	0	0	-4.41728e+07
161	0.00828571	0.00428571	5e-07	0	0	0	0	-2.04e+09	-3.0736e+09	0	3.68899e+09	2.72e+10	1.11093e-22	30	0	1.78782e-05	0	0	0	-0.00750012	0	0	0.000321604	0	0	-4.55794e+07
182	0.00828571	0.00485714	5e-07	0	0	0	0	-1.292e+09	-3.196e+09	0	3.44727e+09	2.72e+10	1.35929e-23	30	0	1.78782e-05	0	0	0	-0.00751445	0	0	0.00030727	0	0	-4.65314e+07
203	0.00828571	0.00542857	5e-07	0	0	0	0	-6.256e+08	-3.264e+09	0	3.32341e+09	2.72e+10	4.37203e-24	30	0	1.78782e-05	0	0	0	-0.00751844	0	0	0.000303283	0	0	-4.70793e+07
224	0.00828571	0.006	5e-07	0	0	0	0	0	-3.2912e+09	0	3.2912e+09	2.72e+10	3.23261e-24	30	0	1.78782e-05	0	0	0	-0.00751906	0	0	0.000302662	0	0	-4.72581e+07
245	0.00828571	0.00657143	5e-07	0	0	0	0	6.256e+08	-3.264e+09	0	3.32341e+09	2.72e+10	4.37203e-24	30	0	1.78782e-05	0	0	0	-0.00751844	0	0	0.000303285	0	0	-4.70793e+07
266	0.00828571	0.00714286	5e-07	0	0	0	0	1.292e+09	-3.196e+09	0	3.44727e+09	2.72e+10	1.35929e-23	30	0	1.78782e-05	0	0	0	-0.00751445	0	0	0.000307272	0	0	-4.65314e+07
287	0.00828571	0.00771429	5e-07	0	0	0	0	2.04e+09	-3.0736e+09	0	3.68899e+09	2.72e+10	1.11093e-22	30	0	1.78782e-05	0	0	0	-0.00750012	0	0	0.000321606	0	0	-4.55794e+07
308	0.00828571	0.00828571	5e-07	0	0	0	0	2.8832e+09	-2.8832e+09	0	4.07746e+09	2.72e+10	2.47545e-21	30	0	1.78782e-05	0	0	0	-0.00748099	0	0	0.000340733	0	0	-4.41728e+07
329	0.00828571	0.00885714	5e-07	0	0	0	0	3.9576e+09	-2.652e+09	0	4.764e+09	2.72e+10	3.08104e-19	30	0	1.78782e-05	0	0	0	-0.0074488	0	0	0.000372921	0	0	-4.22183e+07
350	0.00828571	0.00942857	5e-07	0	0	0	0	5.3176e+09	-2.3528e+09	0	5.81485e+09	2.72e+10	1.48688e-16	30	0	1.78782e-05	0	0	0	-0.00739501	0	0	0.000426716	0	0	-3.95682e+07
371	0.00828571	0.01	5e-07	0	0	0	0	7.344e+09	-1.9584e+09	0	7.60064e+09	2.72e+10	5.99679e-13	30	0	1.78782e-05	0	0	0	-0.00725824	0	0	0.000563487	0	0	-3.59506e+07
392	0.00828571	0.0105714	5e-07	0	0	0	0	1.01864e+10	-1.5096e+09	0	1.02977e+10	2.72e+10	7.35285e-09	30	0	1.78782e-05	0	0	0	-0.00702163	0	0	0.000800095	0	0	-3.09419e+07
413	0.00828571	0.0111429	5e-07	0	0	0	0	1.79928e+10	-6.936e+08	0	1.80062e+10	2.72e+10	0.245261	30	0	1.78782e-05	0	0	0	-0.00518791	0	0	0.00263381	0	0	-2.28907e+07
434	0.00828571	0.0117143	5e-07	0	0	0	0	3.10624e+10	-5.44e+07	0	3.10624e+10	2.72e+10	5.38117e+06	30	0	1.78782e-05	0	0	0	0.00338272	0	0	0.0112044	0	0	-8.87497e+06


15	0.00885714	0.000285714	5e-07	0	0	0	0	-3.094e+10	-6.8e+07	0	3.09401e+10	2.72e+10	4.76138e+06	30	0	2.23478e-05	0	0	0	0.00295467	0	0	0.0107764	0	0	-8.84e+06
36	0.00885714	0.000857143	5e-07	0	0	0	0	-1.6592e+10	-9.52e+08	0	1.66193e+10	2.72e+10	0.0204436	30	0	2.23478e-05	0	0	0	-0.00543809	0	0	0.00238363	0	0	-2.24206e+07
57	0.00885714	0.00142857	5e-07	0	0	0	0	-9.6152e+09	-2.108e+09	0	9.84356e+09	2.72e+10	1.81674e-09	30	0	2.23478e-05	0	0	0	-0.00700175	0	0	0.000819978	0	0	-2.99083e+07
78	0.00885714	0.002	5e-07	0	0	0	0	-6.8272e+09	-2.7472e+09	0	7.3592e+09	2.72e+10	2.20451e-13	30	0	2.23478e-05	0	0	0	-0.0072442	0	0	0.000577526	0	0	-3.46062e+07
99	0.00885714	0.00257143	5e-07	0	0	0	0	-4.9368e+09	-3.2504e+09	0	5.91076e+09	2.72e+10	2.46897e-16	30	0	2.23478e-05	0	0	0	-0.00736907	0	0	0.000452652	0	0	-3.79673e+07
120	0.00885714	0.00314286	5e-07	0	0	0	0	-3.6448e+09	-3.6448e+09	0	5.15453e+09	2.72e+10	3.54341e-18	30	0	2.23478e-05	0	0	0	-0.00742051	0	0	0.000401217	0	0	-4.04192e+07
141	0.00885714	0.00371429	5e-07	0	0	0	0	-2.652e+09	-3.9576e+09	0	4.764e+09	2.72e+10	3.08104e-19	30	0	2.23478e-05	0	0	0	-0.0074488	0	0	0.000372919	0	0	-4.22183e+07
162	0.00885714	0.00428571	5e-07	0	0	0	0	-1.8632e+09	-4.1752e+09	0	4.57207e+09	2.72e+10	8.61123e-20	30	0	2.23478e-05	0	0	0	-0.00746487	0	0	0.000356849	0	0	-4.35083e+07
183	0.00885714	0.00485714	5e-07	0	0	0	0	-1.1832e+09	-4.3384e+09	0	4.49685e+09	2.72e+10	5.14917e-20	30	0	2.23478e-05	0	0	0	-0.00747519	0	0	0.000346529	0	0	-4.43787e+07
204	0.00885714	0.00542857	5e-07	0	0	0	0	-5.712e+08	-4.4336e+09	0	4.47024e+09	2.72e+10	4.28389e-20	30	0	2.23478e-05	0	0	0	-0.00747871	0	0	0.000343013	0	0	-4.488e+07
225	0.00885714	0.006	5e-07	0	0	0	0	0	-4.4608e+09	0	4.4608e+09	2.72e+10	4.01205e-20	30	0	2.23478e-05	0	0	0	-0.00747885	0	0	0.000342874	0	0	-4.50432e+07
246	0.00885714	0.00657143	5e-07	0	0	0	0	5.712e+08	-4.4336e+09	0	4.47024e+09	2.72e+10	4.28389e-20	30	0	2.23478e-05	0	0	0	-0.00747871	0	0	0.000343018	0	0	-4.488e+07
267	0.00885714	0.00714286	5e-07	0	0	0	0	1.1832e+09	-4.3384e+09	0	4.49685e+09	2.72e+10	5.14917e-20	30	0	2.23478e-05	0	0	0	-0.00747519	0	0	0.000346535	0	0	-4.43787e+07
288	0.00885714	0.00771429	5e-07	0	0	0	0	1.8632e+09	-4.1752e+09	0	4.57207e+09	2.72e+10	8.61123e-20	30	0	2.23478e-05	0	0	0	-0.00746487	0	0	0.000356853	0	0	-4.35083e+07
309	0.00885714	0.00828571	5e-07	0	0	0	0	2.652e+09	-3.9576e+09	0	4.764e+09	2.72e+10	3.08104e-19	30	0	2.23478e-05	0	0	0	-0.0074488	0	0	0.000372921	0	0	-4.22183e+07
330	0.00885714	0.00885714	5e-07	0	0	0	0	3.6448e+09	-3.6448e+09	0	5.15453e+09	2.72e+10	3.54341e-18	30	0	2.23478e-05	0	0	0	-0.00742051	0	0	0.000401215	0	0	-4.04192e+07
351	0.00885714	0.00942857	5e-07	0	0	0	0	4.9368e+09	-3.2504e+09	0	5.91076e+09	2.72e+10	2.46897e-16	30	0	2.23478e-05	0	0	0	-0.00736908	0	0	0.000452643	0	0	-3.79673e+07
372	0.00885714	0.01	5e-07	0	0	0	0	6.8272e+09	-2.7472e+09	0	7.3592e+09	2.72e+10	2.20451e-13	30	0	2.23478e-05	0	0	0	-0.00724422	0	0	0.000577503	0	0	-3.46062e+07
393	0.00885714	0.0105714	5e-07	0	0	0	0	9.6152e+09	-2.108e+09	0	9.84356e+09	2.72e+10	1.81674e-09	30	0	2.23478e-05	0	0	0	-0.0070018	0	0	0.000819923	0	0	-2.99083e+07
414	0.00885714	0.0111429	5e-07	0	0	0	0	1.6592e+10	-9.52e+08	0	1.66193e+10	2.72e+10	0.0204436	30	0	2.23478e-05	0	0	0	-0.00543822	0	0	0.00238351	0	0	-2.24206e+07
435	0.00885714	0.0117143	5e-07	0	0	0	0	3.094e+10	-6.8e+07	0	3.09401e+10	2.72e+10	4.76138e+06	30	0	2.23478e-05	0	0	0	0.00295455	0	0	0.0107763	0	0	-8.84e+06


16	0.00942857	0.000285714	5e-07	0	0	0	0	-3.07088e+10	-1.632e+08	0	3.07092e+10	2.72e+10	3.77494e+06	30	0	2.68173e-05	0	0	0	0.00238533	0	0	0.0102071	0	0	-8.77394e+06
37	0.00942857	0.000857143	5e-07	0	0	0	0	-1.47016e+10	-1.4008e+09	0	1.47682e+10	2.72e+10	0.000525668	30	0	2.68173e-05	0	0	0	-0.0057606	0	0	0.00206112	0	0	-2.17483e+07
58	0.00942857	0.00142857	5e-07	0	0	0	0	-8.84e+09	-2.9104e+09	0	9.30677e+09	2.72e+10	3.19407e-10	30	0	2.68173e-05	0	0	0	-0.00696631	0	0	0.000855414	0	0	-2.84745e+07
79	0.00942857	0.002	5e-07	0	0	0	0	-6.1336e+09	-3.74e+09	0	7.18392e+09	2.72e+10	1.04417e-13	30	0	2.68173e-05	0	0	0	-0.00721203	0	0	0.00060969	0	0	-3.27527e+07
100	0.00942857	0.00257143	5e-07	0	0	0	0	-4.4336e+09	-4.4336e+09	0	6.27006e+09	2.72e+10	1.53811e-15	30	0	2.68173e-05	0	0	0	-0.00731719	0	0	0.000504529	0	0	-3.57719e+07
121	0.00942857	0.00314286	5e-07	0	0	0	0	-3.2504e+09	-4.9368e+09	0	5.91076e+09	2.72e+10	2.46897e-16	30	0	2.68173e-05	0	0	0	-0.00736908	0	0	0.000452642	0	0	-3.79673e+07
142	0.00942857	0.00371429	5e-07	0	0	0	0	-2.3528e+09	-5.3176e+09	0	5.81485e+09	2.72e+10	1.48688e-16	30	0	2.68173e-05	0	0	0	-0.00739501	0	0	0.000426711	0	0	-3.95682e+07
163	0.00942857	0.00428571	5e-07	0	0	0	0	-1.6456e+09	-5.6168e+09	0	5.8529e+09	2.72e+10	1.82002e-16	30	0	2.68173e-05	0	0	0	-0.00740818	0	0	0.000413538	0	0	-4.07106e+07
184	0.00942857	0.00485714	5e-07	0	0	0	0	-1.0472e+09	-5.8072e+09	0	5.90086e+09	2.72e+10	2.34399e-16	30	0	2.68173e-05	0	0	0	-0.00741707	0	0	0.000404655	0	0	-4.148e+07
205	0.00942857	0.00542857	5e-07	0	0	0	0	-5.032e+08	-5.916e+09	0	5.93736e+09	2.72e+10	2.83773e-16	30	0	2.68173e-05	0	0	0	-0.0074205	0	0	0.000401221	0	0	-4.1923e+07
226	0.00942857	0.006	5e-07	0	0	0	0	0	-5.9568e+09	0	5.9568e+09	2.72e+10	3.14033e-16	30	0	2.68173e-05	0	0	0	-0.00742005	0	0	0.000401674	0	0	-4.20667e+07
247	0.00942857	0.00657143	5e-07	0	0	0	0	5.032e+08	-5.916e+09	0	5.93736e+09	2.72e+10	2.83773e-16	30	0	2.68173e-05	0	0	0	-0.00742048	0	0	0.000401238	0	0	-4.1923e+07
268	0.00942857	0.00714286	5e-07	0	0	0	0	1.0472e+09	-5.8072e+09	0	5.90086e+09	2.72e+10	2.34399e-16	30	0	2.68173e-05	0	0	0	-0.00741705	0	0	0.000404672	0	0	-4.148e+07
289	0.00942857	0.00771429	5e-07	0	0	0	0	1.6456e+09	-5.6168e+09	0	5.8529e+09	2.72e+10	1.82002e-16	30	0	2.68173e-05	0	0	0	-0.00740817	0	0	0.000413549	0	0	-4.07106e+07
310	0.00942857	0.00828571	5e-07	0	0	0	0	2.3528e+09	-5.3176e+09	0	5.81485e+09	2.72e+10	1.48688e-16	30	0	2.68173e-05	0	0	0	-0.00739501	0	0	0.000426716	0	0	-3.95682e+07
331	0.00942857	0.00885714	5e-07	0	0	0	0	3.2504e+09	-4.9368e+09	0	5.91076e+09	2.72e+10	2.46897e-16	30	0	2.68173e-05	0	0	0	-0.00736908	0	0	0.000452643	0	0	-3.79673e+07
352	0.00942857	0.00942857	5e-07	0	0	0	0	4.4336e+09	-4.4336e+09	0	6.27006e+09	2.72e+10	1.53811e-15	30	0	2.68173e-05	0	0	0	-0.0073172	0	0	0.000504525	0	0	-3.57719e+07
373	0.00942857	0.01	5e-07	0	0	0	0	6.1336e+09	-3.74e+09	0	7.18392e+09	2.72e+10	1.04417e-13	30	0	2.68173e-05	0	0	0	-0.00721204	0	0	0.000609678	0	0	-3.27527e+07
394	0.00942857	0.0105714	5e-07	0	0	0	0	8.84e+09	-2.9104e+09	0	9.30677e+09	2.72e+10	3.19407e-10	30	0	2.68173e-05	0	0	0	-0.00696633	0	0	0.000855392	0	0	-2.84745e+07
415	0.00942857	0.0111429	5e-07	0	0	0	0	1.47016e+10	-1.4008e+09	0	1.47682e+10	2.72e+10	0.000525668	30	0	2.68173e-05	0	0	0	-0.00576064	0	0	0.00206109	0	0	-2.17483e+07
436	0.00942857	0.0117143	5e-07	0	0	0	0	3.07088e+10	-1.632e+08	0	3.07092e+10	2.72e+10	3.77494e+06	30	0	2.68173e-05	0	0	0	0.00238529	0	0	0.010207	0	0	-8.77394e+06


17	0.01	0.000285714	5e-07	0	0	0	0	-3.03416e+10	-2.04e+08	0	3.03423e+10	2.72e+10	2.60057e+06	30	0	3.12869e-05	0	0	0	0.00157666	0	0	0.00939838	0	0	-8.66903e+06
38	0.01	0.000857143	5e-07	0	0	0	0	-1.20768e+10	-1.9584e+09	0	1.22346e+10	2.72e+10	1.53748e-06	30	0	3.12869e-05	0	0	0	-0.00622464	0	0	0.00159708	0	0	-2.07886e+07
59	0.01	0.00142857	5e-07	0	0	0	0	-7.8064e+09	-4.1072e+09	0	8.82094e+09	2.72e+10	6.06082e-11	30	0	3.12869e-05	0	0	0	-0.00690772	0	0	0.000913999	0	0	-2.64695e+07
80	0.01	0.002	5e-07	0	0	0	0	-5.2224e+09	-5.2224e+09	0	7.38559e+09	2.72e+10	2.46326e-13	30	0	3.12869e-05	0	0	0	-0.007156	0	0	0.000665719	0	0	-3.0192e+07
101	0.01	0.00257143	5e-07	0	0	0	0	-3.74e+09	-6.1336e+09	0	7.18392e+09	2.72e+10	1.04417e-13	30	0	3.12869e-05	0	0	0	-0.00721204	0	0	0.000609679	0	0	-3.27527e+07
122	0.01	0.00314286	5e-07	0	0	0	0	-2.7472e+09	-6.8272e+09	0	7.3592e+09	2.72e+10	2.20451e-13	30	0	3.12869e-05	0	0	0	-0.00724422	0	0	0.000577499	0	0	-3.46062e+07
143	0.01	0.00371429	5e-07	0	0	0	0	-1.9584e+09	-7.344e+09	0	7.60064e+09	2.72e+10	5.99679e-13	30	0	3.12869e-05	0	0	0	-0.00725825	0	0	0.000563475	0	0	-3.59506e+07
164	0.01	0.00428571	5e-07	0	0	0	0	-1.3736e+09	-7.7112e+09	0	7.83258e+09	2.72e+10	1.52275e-12	30	0	3.12869e-05	0	0	0	-0.00725793	0	0	0.000563797	0	0	-3.69026e+07
185	0.01	0.00485714	5e-07	0	0	0	0	-8.704e+08	-7.9696e+09	0	8.01699e+09	2.72e+10	3.13272e-12	30	0	3.12869e-05	0	0	0	-0.00726013	0	0	0.000561593	0	0	-3.75438e+07
206	0.01	0.00542857	5e-07	0	0	0	0	-4.216e+08	-8.1192e+09	0	8.13014e+09	2.72e+10	4.83735e-12	30	0	3.12869e-05	0	0	0	-0.00726006	0	0	0.000561667	0	0	-3.79129e+07
227	0.01	0.006	5e-07	0	0	0	0	0	-8.16e+09	0	8.16e+09	2.72e+10	5.41959e-12	30	0	3.12869e-05	0	0	0	-0.0072597	0	0	0.000562023	0	0	-3.80334e+07
248	0.01	0.00657143	5e-07	0	0	0	0	4.216e+08	-8.1192e+09	0	8.13014e+09	2.72e+10	4.83735e-12	30	0	3.12869e-05	0	0	0	-0.00725997	0	0	0.000561752	0	0	-3.79129e+07
269	0.01	0.00714286	5e-07	0	0	0	0	8.704e+08	-7.9696e+09	0	8.01699e+09	2.72e+10	3.13272e-12	30	0	3.12869e-05	0	0	0	-0.00726008	0	0	0.00056164	0	0	-3.75438e+07
290	0.01	0.00771429	5e-07	0	0	0	0	1.3736e+09	-7.7112e+09	0	7.83258e+09	2.72e+10	1.52275e-12	30	0	3.12869e-05	0	0	0	-0.0072579	0	0	0.00056382	0	0	-3.69026e+07
311	0.01	0.00828571	5e-07	0	0	0	0	1.9584e+09	-7.344e+09	0	7.60064e+09	2.72e+10	5.99679e-13	30	0	3.12869e-05	0	0	0	-0.00725824	0	0	0.000563487	0	0	-3.59506e+07
332	0.01	0.00885714	5e-07	0	0	0	0	2.7472e+09	-6.8272e+09	0	7.3592e+09	2.72e+10	2.20451e-13	30	0	3.12869e-05	0	0	0	-0.00724422	0	0	0.000577503	0	0	-3.46062e+07
353	0.01	0.00942857	5e-07	0	0	0	0	3.74e+09	-6.1336e+09	0	7.18392e+09	2.72e+10	1.04417e-13	30	0	3.12869e-05	0	0	0	-0.00721204	0	0	0.000609678	0	0	-3.27527e+07
374	0.01	0.01	5e-07	0	0	0	0	5.2224e+09	-5.2224e+09	0	7.38559e+09	2.72e+10	2.46326e-13	30	0	3.12869e-05	0	0	0	-0.00715601	0	0	0.000665714	0	0	-3.0192e+07
395	0.01	0.0105714	5e-07	0	0	0	0	7.8064e+09	-4.1072e+09	0	8.82094e+09	2.72e+10	6.06082e-11	30	0	3.12869e-05	0	0	0	-0.00690773	0	0	0.00091399	0	0	-2.64695e+07
416	0.01	0.0111429	5e-07	0	0	0	0	1.20768e+10	-1.9584e+09	0	1.22346e+10	2.72e+10	1.53748e-06	30	0	3.12869e-05	0	0	0	-0.00622466	0	0	0.00159707	0	0	-2.07886e+07
437	0.01	0.0117143	5e-07	0	0	0	0	3.03416e+10	-2.04e+08	0	3.03423e+10	2.72e+10	2.60057e+06	30	0	3.12869e-05	0	0	0	0.00157665	0	0	0.00939837	0	0	-8.66903e+06


18	0.0105714	0.000285714	5e-07	0	0	0	0	-2.89816e+10	-1.156e+09	0	2.90046e+10	2.72e+10	642785	30	0	3.57564e-05	0	0	0	0.000657626	0	0	0.00847935	0	0	-8.28046e+06
39	0.0105714	0.000857143	5e-07	0	0	0	0	-8.84e+09	-3.9984e+09	0	9.70221e+09	2.72e+10	1.16026e-09	30	0	3.57564e-05	0	0	0	-0.00652867	0	0	0.00129306	0	0	-1.90866e+07
60	0.0105714	0.00142857	5e-07	0	0	0	0	-6.4464e+09	-6.4464e+09	0	9.11659e+09	2.72e+10	1.68411e-10	30	0	3.57564e-05	0	0	0	-0.00661529	0	0	0.00120643	0	0	-2.34542e+07
81	0.0105714	0.002	5e-07	0	0	0	0	-4.1072e+09	-7.8064e+09	0	8.82094e+09	2.72e+10	6.06082e-11	30	0	3.57564e-05	0	0	0	-0.00690773	0	0	0.000913991	0	0	-2.64695e+07
102	0.0105714	0.00257143	5e-07	0	0	0	0	-2.9104e+09	-8.84e+09	0	9.30677e+09	2.72e+10	3.19407e-10	30	0	3.57564e-05	0	0	0	-0.00696633	0	0	0.000855389	0	0	-2.84745e+07
123	0.0105714	0.00314286	5e-07	0	0	0	0	-2.108e+09	-9.6152e+09	0	9.84356e+09	2.72e+10	1.81674e-09	30	0	3.57564e-05	0	0	0	-0.00700181	0	0	0.000819914	0	0	-2.99083e+07
144	0.0105714	0.00371429	5e-07	0	0	0	0	-1.5096e+09	-1.01864e+10	0	1.02977e+10	2.72e+10	7.35285e-09	30	0	3.57564e-05	0	0	0	-0.00702165	0	0	0.000800072	0	0	-3.09419e+07
165	0.0105714	0.00428571	5e-07	0	0	0	0	-1.0472e+09	-1.05944e+10	0	1.0646e+10	2.72e+10	2.06247e-08	30	0	3.57564e-05	0	0	0	-0.00702992	0	0	0.000791805	0	0	-3.16725e+07
186	0.0105714	0.00485714	5e-07	0	0	0	0	-6.664e+08	-1.08664e+10	0	1.08868e+10	2.72e+10	4.1257e-08	30	0	3.57564e-05	0	0	0	-0.00703446	0	0	0.000787262	0	0	-3.21621e+07
207	0.0105714	0.00542857	5e-07	0	0	0	0	-3.264e+08	-1.1016e+10	0	1.10208e+10	2.72e+10	6.02865e-08	30	0	3.57564e-05	0	0	0	-0.00703887	0	0	0.000782851	0	0	-3.24457e+07
228	0.0105714	0.006	5e-07	0	0	0	0	0	-1.10704e+10	0	1.10704e+10	2.72e+10	6.92842e-08	30	0	3.57564e-05	0	0	0	-0.00704086	0	0	0.000780865	0	0	-3.2539e+07
249	0.0105714	0.00657143	5e-07	0	0	0	0	3.264e+08	-1.1016e+10	0	1.10208e+10	2.72e+10	6.02865e-08	30	0	3.57564e-05	0	0	0	-0.00703824	0	0	0.00078348	0	0	-3.24457e+07
270	0.0105714	0.00714286	5e-07	0	0	0	0	6.664e+08	-1.08664e+10	0	1.08868e+10	2.72e+10	4.1257e-08	30	0	3.57564e-05	0	0	0	-0.00703434	0	0	0.000787388	0	0	-3.21621e+07
291	0.0105714	0.00771429	5e-07	0	0	0	0	1.0472e+09	-1.05944e+10	0	1.0646e+10	2.72e+10	2.06247e-08	30	0	3.57564e-05	0	0	0	-0.00702986	0	0	0.00079186	0	0	-3.16725e+07
312	0.0105714	0.00828571	5e-07	0	0	0	0	1.5096e+09	-1.01864e+10	0	1.02977e+10	2.72e+10	7.35285e-09	30	0	3.57564e-05	0	0	0	-0.00702163	0	0	0.000800095	0	0	-3.09419e+07
333	0.0105714	0.00885714	5e-07	0	0	0	0	2.108e+09	-9.6152e+09	0	9.84356e+09	2.72e+10	1.81674e-09	30	0	3.57564e-05	0	0	0	-0.0070018	0	0	0.000819923	0	0	-2.99083e+07
354	0.0105714	0.00942857	5e-07	0	0	0	0	2.9104e+09	-8.84e+09	0	9.30677e+09	2.72e+10	3.19407e-10	30	0	3.57564e-05	0	0	0	-0.00696633	0	0	0.000855392	0	0	-2.84745e+07
375	0.0105714	0.01	5e-07	0	0	0	0	4.1072e+09	-7.8064e+09	0	8.82094e+09	2.72e+10	6.06082e-11	30	0	3.57564e-05	0	0	0	-0.00690773	0	0	0.00091399	0	0	-2.64695e+07
396	0.0105714	0.0105714	5e-07	0	0	0	0	6.4464e+09	-6.4464e+09	0	9.11659e+09	2.72e+10	1.68411e-10	30	0	3.57564e-05	0	0	0	-0.00661529	0	0	0.00120643	0	0	-2.34542e+07
417	0.0105714	0.0111429	5e-07	0	0	0	0	8.84e+09	-3.9984e+09	0	9.70221e+09	2.72e+10	1.16026e-09	30	0	3.57564e-05	0	0	0	-0.00652867	0	0	0.00129305	0	0	-1.90866e+07
438	0.0105714	0.0117143	5e-07	0	0	0	0	2.89816e+10	-1.156e+09	0	2.90046e+10	2.72e+10	642785	30	0	3.57564e-05	0	0	0	0.000657621	0	0	0.00847934	0	0	-8.28046e+06


19	0.0111429	0.000285714	5e-07	0	0	0	0	-2.56224e+10	-2.2032e+09	0	2.57169e+10	2.72e+10	15430.3	30	0	4.0226e-05	0	0	0	-0.00042311	0	0	0.00739861	0	0	-7.32069e+06
40	0.0111429	0.000857143	5e-07	0	0	0	0	-5.78e+09	-5.78e+09	0	8.17415e+09	2.72e+10	5.71872e-12	30	0	4.0226e-05	0	0	0	-0.00703186	0	0	0.00078986	0	0	-1.62928e+07
61	0.0111429	0.00142857	5e-07	0	0	0	0	-3.9984e+09	-8.84e+09	0	9.70221e+09	2.72e+10	1.16026e-09	30	0	4.0226e-05	0	0	0	-0.00652867	0	0	0.00129305	0	0	-1.90866e+07
82	0.0111429	0.002	5e-07	0	0	0	0	-1.9584e+09	-1.20768e+10	0	1.22346e+10	2.72e+10	1.53748e-06	30	0	4.0226e-05	0	0	0	-0.00622466	0	0	0.00159707	0	0	-2.07886e+07
103	0.0111429	0.00257143	5e-07	0	0	0	0	-1.4008e+09	-1.47016e+10	0	1.47682e+10	2.72e+10	0.000525668	30	0	4.0226e-05	0	0	0	-0.00576064	0	0	0.00206108	0	0	-2.17483e+07
124	0.0111429	0.00314286	5e-07	0	0	0	0	-9.52e+08	-1.6592e+10	0	1.66193e+10	2.72e+10	0.0204436	30	0	4.0226e-05	0	0	0	-0.00543823	0	0	0.00238349	0	0	-2.24206e+07
145	0.0111429	0.00371429	5e-07	0	0	0	0	-6.936e+08	-1.79928e+10	0	1.80062e+10	2.72e+10	0.245261	30	0	4.0226e-05	0	0	0	-0.00518795	0	0	0.00263378	0	0	-2.28907e+07
166	0.0111429	0.00428571	5e-07	0	0	0	0	-4.624e+08	-1.89856e+10	0	1.89912e+10	2.72e+10	1.27855	30	0	4.0226e-05	0	0	0	-0.00500641	0	0	0.00281531	0	0	-2.3221e+07
187	0.0111429	0.00485714	5e-07	0	0	0	0	-3.128e+08	-1.9652e+10	0	1.96545e+10	2.72e+10	3.70583	30	0	4.0226e-05	0	0	0	-0.00488446	0	0	0.00293726	0	0	-2.34425e+07
208	0.0111429	0.00542857	5e-07	0	0	0	0	-1.36e+08	-2.00464e+10	0	2.00469e+10	2.72e+10	6.83926	30	0	4.0226e-05	0	0	0	-0.00481443	0	0	0.00300729	0	0	-2.35707e+07
229	0.0111429	0.006	5e-07	0	0	0	0	-1.36e+07	-2.01688e+10	0	2.01688e+10	2.72e+10	8.25384	30	0	4.0226e-05	0	0	0	-0.00479195	0	0	0.00302977	0	0	-2.36135e+07
250	0.0111429	0.00657143	5e-07	0	0	0	0	1.496e+08	-2.00328e+10	0	2.00334e+10	2.72e+10	6.69789	30	0	4.0226e-05	0	0	0	-0.00481918	0	0	0.00300254	0	0	-2.35746e+07
271	0.0111429	0.00714286	5e-07	0	0	0	0	3.128e+08	-1.9652e+10	0	1.96545e+10	2.72e+10	3.70583	30	0	4.0226e-05	0	0	0	-0.00488379	0	0	0.00293793	0	0	-2.34425e+07
292	0.0111429	0.00771429	5e-07	0	0	0	0	4.624e+08	-1.89856e+10	0	1.89912e+10	2.72e+10	1.27855	30	0	4.0226e-05	0	0	0	-0.00500629	0	0	0.00281543	0	0	-2.3221e+07
313	0.0111429	0.00828571	5e-07	0	0	0	0	6.936e+08	-1.79928e+10	0	1.80062e+10	2.72e+10	0.245261	30	0	4.0226e-05	0	0	0	-0.00518791	0	0	0.00263381	0	0	-2.28907e+07
334	0.0111429	0.00885714	5e-07	0	0	0	0	9.52e+08	-1.6592e+10	0	1.66193e+10	2.72e+10	0.0204436	30	0	4.0226e-05	0	0	0	-0.00543822	0	0	0.00238351	0	0	-2.24206e+07
355	0.0111429	0.00942857	5e-07	0	0	0	0	1.4008e+09	-1.47016e+10	0	1.47682e+10	2.72e+10	0.000525668	30	0	4.0226e-05	0	0	0	-0.00576064	0	0	0.00206109	0	0	-2.17483e+07
376	0.0111429	0.01	5e-07	0	0	0	0	1.9584e+09	-1.20768e+10	0	1.22346e+10	2.72e+10	1.53748e-06	30	0	4.0226e-05	0	0	0	-0.00622466	0	0	0.00159707	0	0	-2.07886e+07
397	0.0111429	0.0105714	5e-07	0	0	0	0	3.9984e+09	-8.84e+09	0	9.70221e+09	2.72e+10	1.16026e-09	30	0	4.0226e-05	0	0	0	-0.00652867	0	0	0.00129305	0	0	-1.90866e+07
418	0.0111429	0.0111429	5e-07	0	0	0	0	5.78e+09	-5.78e+09	0	8.17415e+09	2.72e+10	5.71872e-12	30	0	4.0226e-05	0	0	0	-0.00703187	0	0	0.000789858	0	0	-1.62928e+07
439	0.0111429	0.0117143	5e-07	0	0	0	0	2.56224e+10	-2.2032e+09	0	2.57169e+10	2.72e+10	15430.3	30	0	4.0226e-05	0	0	0	-0.000423113	0	0	0.00739861	0	0	-7.32069e+06


20	0.0117143	0.000285714	5e-07	0	0	0	0	-1.17096e+10	-1.17096e+10	0	1.65599e+10	2.72e+10	0.0182953	30	0	4.46956e-05	0	0	0	0.00164046	0	0	0.00946218	0	0	-3.3456e+06
41	0.0117143	0.000857143	5e-07	0	0	0	0	-2.2032e+09	-2.56224e+10	0	2.57169e+10	2.72e+10	15430.3	30	0	4.46956e-05	0	0	0	-0.000423112	0	0	0.00739861	0	0	-7.32069e+06
62	0.0117143	0.00142857	5e-07	0	0	0	0	-1.156e+09	-2.89816e+10	0	2.90046e+10	2.72e+10	642785	30	0	4.46956e-05	0	0	0	0.00065762	0	0	0.00847934	0	0	-8.28046e+06
83	0.0117143	0.002	5e-07	0	0	0	0	-2.04e+08	-3.03416e+10	0	3.03423e+10	2.72e+10	2.60057e+06	30	0	4.46956e-05	0	0	0	0.00157664	0	0	0.00939837	0	0	-8.66903e+06
104	0.0117143	0.00257143	5e-07	0	0	0	0	-1.632e+08	-3.07088e+10	0	3.07092e+10	2.72e+10	3.77494e+06	30	0	4.46956e-05	0	0	0	0.00238529	0	0	0.010207	0	0	-8.77394e+06
125	0.0117143	0.00314286	5e-07	0	0	0	0	-6.8e+07	-3.094e+10	0	3.09401e+10	2.72e+10	4.76138e+06	30	0	4.46956e-05	0	0	0	0.00295454	0	0	0.0107763	0	0	-8.84e+06
146	0.0117143	0.00371429	5e-07	0	0	0	0	-5.44e+07	-3.10624e+10	0	3.10624e+10	2.72e+10	5.38117e+06	30	0	4.46956e-05	0	0	0	0.00338268	0	0	0.0112044	0	0	-8.87497e+06
167	0.0117143	0.00428571	5e-07	0	0	0	0	-2.72e+07	-3.1144e+10	0	3.1144e+10	2.72e+10	5.8369e+06	30	0	4.46956e-05	0	0	0	0.00368943	0	0	0.0115112	0	0	-8.89829e+06
188	0.0117143	0.00485714	5e-07	0	0	0	0	-2.72e+07	-3.11984e+10	0	3.11984e+10	2.72e+10	6.16138e+06	30	0	4.46956e-05	0	0	0	0.0038963	0	0	0.011718	0	0	-8.91383e+06
209	0.0117143	0.00542857	5e-07	0	0	0	0	3.10862e-06	-3.12256e+10	0	3.12256e+10	2.72e+10	6.33003e+06	30	0	4.46956e-05	0	0	0	0.00401812	0	0	0.0118398	0	0	-8.9216e+06
230	0.0117143	0.006	5e-07	0	0	0	0	-1.36e+07	-3.12392e+10	0	3.12392e+10	2.72e+10	6.41608e+06	30	0	4.46956e-05	0	0	0	0.00405655	0	0	0.0118783	0	0	-8.92549e+06
251	0.0117143	0.00657143	5e-07	0	0	0	0	1.36e+07	-3.12392e+10	0	3.12392e+10	2.72e+10	6.41608e+06	30	0	4.46956e-05	0	0	0	0.00401337	0	0	0.0118351	0	0	-8.92549e+06
272	0.0117143	0.00714286	5e-07	0	0	0	0	2.72e+07	-3.11984e+10	0	3.11984e+10	2.72e+10	6.16138e+06	30	0	4.46956e-05	0	0	0	0.00389697	0	0	0.0117187	0	0	-8.91383e+06
293	0.0117143	0.00771429	5e-07	0	0	0	0	2.72e+07	-3.1144e+10	0	3.1144e+10	2.72e+10	5.8369e+06	30	0	4.46956e-05	0	0	0	0.00368955	0	0	0.0115113	0	0	-8.89829e+06
314	0.0117143	0.00828571	5e-07	0	0	0	0	5.44e+07	-3.10624e+10	0	3.10624e+10	2.72e+10	5.38117e+06	30	0	4.46956e-05	0	0	0	0.00338272	0	0	0.0112044	0	0	-8.87497e+06
335	0.0117143	0.00885714	5e-07	0	0	0	0	6.8e+07	-3.094e+10	0	3.09401e+10	2.72e+10	4.76138e+06	30	0	4.46956e-05	0	0	0	0.00295455	0	0	0.0107763	0	0	-8.84e+06
356	0.0117143	0.00942857	5e-07	0	0	0	0	1.632e+08	-3.07088e+10	0	3.07092e+10	2.72e+10	3.77494e+06	30	0	4.46956e-05	0	0	0	0.00238529	0	0	0.010207	0	0	-8.77394e+06
377	0.0117143	0.01	5e-07	0	0	0	0	2.04e+08	-3.03416e+10	0	3.03423e+10	2.72e+10	2.60057e+06	30	0	4.46956e-05	0	0	0	0.00157665	0	0	0.00939837	0	0	-8.66903e+06
398	0.0117143	0.0105714	5e-07	0	0	0	0	1.156e+09	-2.89816e+10	0	2.90046e+10	2.72e+10	642785	30	0	4.46956e-05	0	0	0	0.000657621	0	0	0.00847934	0	0	-8.28046e+06
419	0.0117143	0.0111429	5e-07	0	0	0	0	2.2032e+09	-2.56224e+10	0	2.57169e+10	2.72e+10	15430.3	30	0	4.46956e-05	0	0	0	-0.000423113	0	0	0.00739861	0	0	-7.32069e+06
440	0.0117143	0.0117143	5e-07	0	0	0	0	1.17096e+10	-1.17096e+10	0	1.65599e+10	2.72e+10	0.0182953	30	0	4.46956e-05	0	0	0	0.00164046	0	0	0.00946218	0	0	-3.3456e+06


